Genoa 2 6 8 8 6 5 3 5 4 1 0.33 1.2 1.33 1.6 
Lecce 3 5 7 7 6 5 3 2 4 3 0.5 1.0 1.17 1.4 
Sassuolo 5 9 6 6 5 6 3 4 3 2 1.0 1.5 1.2 1.0 
Napoli 9 7 4 6 5 6 3 4 2 4 1.8 1.17 0.8 1.0 
AC Milan 9 8 6 3 6 5 4 4 2 3 1.5 1.6 1.0 0.6 
Cremonese 6 6 6 7 5 6 4 4 3 4 1.2 1.0 1.2 1.17 
AS Roma 7 5 3 2 6 5 3 1 5 4 1.17 1.0 0.5 0.4 
Bologna 9 9 1 7 5 6 3 4 3 3 1.8 1.5 0.2 1.17 
Cagliari 4 5 7 7 5 6 5 4 4 4 0.8 0.83 1.4 1.17 
Fiorentina 5 4 10 8 5 6 4 4 1 3 1.0 0.67 2.0 1.33 
Como 9 3 3 3 6 5 5 2 5 4 1.5 0.6 0.5 0.6 
Lazio 10 3 4 5 5 6 3 3 3 5 2.0 0.5 0.8 0.83 
Atalanta 7 6 7 4 6 5 5 4 4 4 1.17 1.2 1.17 0.8 
Pisa 1 7 2 12 6 5 0 5 6 1 0.17 1.4 0.33 2.4 
Juventus 10 4 5 5 6 5 4 3 4 4 1.67 0.8 0.83 1.0 
Parma 6 1 8 6 6 5 4 3 3 4 1.0 0.2 1.33 1.2 
Udinese 6 6 7 10 5 6 4 5 3 3 1.2 1.0 1.4 1.67 
Hellas Verona 4 2 6 10 5 6 3 4 3 4 0.8 0.33 1.2 1.67 
Inter Milan 17 9 4 8 6 5 6 4 1 2 2.83 1.8 0.67 1.6 
Torino 5 5 6 10 5 6 3 3 2 3 1.0 0.83 1.2 1.67 
---------------------------------------------------------
Pescara 11 4 11 14 7 5 7 5 3 1 1.57 0.8 1.57 2.8 
Cesena 8 11 5 8 5 7 5 5 2 2 1.6 1.57 1.0 1.14 
Empoli 10 4 7 11 7 5 6 4 5 1 1.43 0.8 1.0 2.2 
Padova 7 5 7 7 5 7 4 3 2 5 1.4 0.71 1.4 1.0 
Entella 9 2 5 11 6 6 4 5 4 4 1.5 0.33 0.83 1.83 
Juve Stabia 5 8 1 12 5 6 2 6 4 1 1.0 1.33 0.2 2.0 
Monza 8 9 3 4 6 6 2 5 4 4 1.33 1.5 0.5 0.67 
Mantova 7 2 13 5 6 6 5 1 2 5 1.17 0.33 2.17 0.83 
Palermo 10 5 5 4 7 5 5 3 4 4 1.43 1.0 0.71 0.8 
Reggiana 10 8 5 13 6 6 4 5 3 1 1.67 1.33 0.83 2.17 
Spezia 5 6 11 5 7 5 6 4 4 4 0.71 1.2 1.57 1.0 
Carrarese 9 9 8 8 6 6 4 6 3 3 1.5 1.5 1.33 1.33 
Venezia 14 6 4 8 6 6 6 4 1 3 2.33 1.0 0.67 1.33 
Bari 6 5 3 13 5 6 3 6 4 2 1.2 0.83 0.6 2.17 
Catanzaro 7 6 6 6 6 6 4 3 4 3 1.17 1.0 1.0 1.0 
Sudtirol 8 6 8 9 6 6 5 6 3 4 1.33 1.0 1.33 1.5 
Frosinone 13 9 6 5 6 6 5 4 2 4 2.17 1.5 1.0 0.83 
Avellino 8 8 8 14 5 7 4 7 2 4 1.6 1.14 1.6 2.0 
Sampdoria 6 5 7 12 6 6 4 5 4 3 1.0 0.83 1.17 2.0 
Modena 13 8 3 5 6 6 6 4 2 4 2.17 1.33 0.5 0.83 
---------------------------------------------------------
Bayern Munich 20 15 1 5 5 5 5 5 0 0 4.0 3.0 0.2 1.0 
RB Leipzig 10 10 3 10 4 6 4 4 1 3 2.5 1.67 0.75 1.67 
E. Frankfurt 10 13 8 11 5 5 4 5 2 1 2.0 2.6 1.6 2.2 
Werder Bremen 7 8 7 11 5 5 3 5 2 1 1.4 1.6 1.4 2.2 
Freiburg 9 4 8 6 5 5 5 3 1 3 1.8 0.8 1.6 1.2 
FC Augsburg 6 8 15 9 5 5 4 5 1 1 1.2 1.6 3.0 1.8 
Heidenheim 6 2 9 14 5 5 5 4 2 2 1.2 0.4 1.8 2.8 
Wolfsburg 6 6 11 7 5 5 4 3 2 2 1.2 1.2 2.2 1.4 
Leverkusen 15 9 4 10 6 4 6 4 3 0 2.5 2.25 0.67 2.5 
Hoffenheim 8 13 10 6 5 5 4 5 1 1 1.6 2.6 2.0 1.2 
Union Berlin 9 4 8 9 6 4 4 3 2 2 1.5 1.0 1.33 2.25 
Stuttgart 9 8 3 9 5 5 3 5 3 0 1.8 1.6 0.6 1.8 
Sankt Pauli 6 3 13 7 5 5 5 4 0 4 1.2 0.6 2.6 1.4 
Dortmund 6 10 1 6 4 6 2 5 3 4 1.5 1.67 0.25 1.0 
FSV Mainz 4 6 9 9 5 5 3 4 4 2 0.8 1.2 1.8 1.8 
FC Koln 10 7 5 10 4 6 4 3 1 3 2.5 1.17 1.25 1.67 
Monchengladbach 7 6 14 5 6 4 4 3 2 2 1.17 1.5 2.33 1.25 
Hamburger SV 7 2 5 11 5 5 4 3 3 2 1.4 0.4 1.0 2.2 
---------------------------------------------------------
LASK Linz 10 4 9 8 7 6 5 3 4 4 1.43 0.67 1.29 1.33 
Sturm Graz 4 17 7 6 5 7 3 7 3 3 0.8 2.43 1.4 0.86 
Tirol 14 3 10 8 7 5 7 4 3 4 2.0 0.6 1.43 1.6 
Hartberg 5 15 6 12 4 9 3 6 1 4 1.25 1.67 1.5 1.33 
Wolfsberger AC 10 11 9 5 8 5 6 5 3 2 1.25 2.2 1.12 1.0 
Altach 6 5 6 8 6 7 4 3 5 5 1.0 0.71 1.0 1.14 
Ried 7 10 10 10 7 6 6 5 4 2 1.0 1.67 1.43 1.67 
Salzburg 18 11 8 8 7 6 7 6 1 1 2.57 1.83 1.14 1.33 
Grazer AK 8 2 11 12 7 6 6 4 3 3 1.14 0.33 1.57 2.0 
Austria Wien 7 11 12 9 7 6 5 5 3 1 1.0 1.83 1.71 1.5 
Rapid Wien 8 10 7 6 6 7 4 6 3 4 1.33 1.43 1.17 0.86 
BW Linz 7 4 8 12 6 7 3 5 4 4 1.17 0.57 1.33 1.71 
---------------------------------------------------------
Schalke 04 7 9 3 4 6 6 2 4 4 3 1.17 1.5 0.5 0.67 
Hertha Berlin 5 10 5 5 6 6 4 4 5 2 0.83 1.67 0.83 0.83 
Darmstadt 10 9 4 7 6 6 4 4 3 3 1.67 1.5 0.67 1.17 
Bochum 8 8 5 13 5 7 4 6 3 3 1.6 1.14 1.0 1.86 
Elversberg 14 10 5 6 6 6 4 5 2 4 2.33 1.67 0.83 1.0 
FC Nurnberg 5 8 7 9 6 6 4 5 3 2 0.83 1.33 1.17 1.5 
Karlsruher SC 12 7 7 11 6 6 5 4 2 2 2.0 1.17 1.17 1.83 
Preuss. Munster 11 6 8 13 6 6 6 5 1 2 1.83 1.0 1.33 2.17 
Paderborn 12 8 7 3 6 6 5 4 2 4 2.0 1.33 1.17 0.5 
Holstein Kiel 7 6 6 6 6 6 5 4 4 4 1.17 1.0 1.0 1.0 
Bielefeld 16 9 8 10 7 5 7 5 2 2 2.29 1.8 1.14 2.0 
Dusseldorf 4 6 11 9 6 6 5 3 3 3 0.67 1.0 1.83 1.5 
Greuther Furth 7 11 13 17 6 6 5 5 2 1 1.17 1.83 2.17 2.83 
Dynamo Dresden 8 8 12 12 6 6 5 6 1 2 1.33 1.33 2.0 2.0 
Hannover 96 9 13 11 7 6 6 5 6 1 1 1.5 2.17 1.83 1.17 
Kaiserslautern 12 8 6 8 6 6 4 5 3 3 2.0 1.33 1.0 1.33 
Magdeburg 6 3 13 9 6 6 4 4 4 4 1.0 0.5 2.17 1.5 
Braunschweig 6 6 14 10 6 6 6 5 2 2 1.0 1.0 2.33 1.67 
---------------------------------------------------------
RW Essen 13 14 7 15 7 7 6 7 3 2 1.86 2.0 1.0 2.14 
1860 Munchen 16 5 12 13 7 7 7 6 1 4 2.29 0.71 1.71 1.86 
Energie Cottbus 18 12 11 11 7 7 6 7 2 1 2.57 1.71 1.57 1.57 
Saarbrucken 14 9 9 12 7 7 6 7 2 4 2.0 1.29 1.29 1.71 
FC Ingolstadt 11 13 9 12 7 7 6 6 3 2 1.57 1.86 1.29 1.71 
Regensburg 14 7 10 13 7 7 7 6 2 4 2.0 1.0 1.43 1.86 
Hoffenheim B 11 17 10 10 7 7 6 6 4 1 1.57 2.43 1.43 1.43 
Havelse 7 9 17 15 7 7 7 6 4 3 1.0 1.29 2.43 2.14 
Mannheim 14 10 12 11 7 7 6 6 2 3 2.0 1.43 1.71 1.57 
Verl 16 15 10 12 7 7 7 7 1 2 2.29 2.14 1.43 1.71 
Osnabruck 7 11 5 6 7 7 4 5 5 4 1.0 1.57 0.71 0.86 
Alemannia A. 8 16 13 10 7 7 5 6 4 1 1.14 2.29 1.86 1.43 
MSV Duisburg 14 12 8 6 7 7 7 5 1 3 2.0 1.71 1.14 0.86 
VfB Stuttgart B 10 11 9 13 7 7 6 6 2 2 1.43 1.57 1.29 1.86 
Erzgebirge Aue 10 6 11 12 7 7 6 5 3 4 1.43 0.86 1.57 1.71 
Hansa Rostock 10 12 8 8 7 7 5 5 3 3 1.43 1.71 1.14 1.14 
Viktoria Koln 14 8 7 9 7 7 5 5 3 3 2.0 1.14 1.0 1.29 
Schweinfurt 5 6 16 19 7 7 6 7 2 1 0.71 0.86 2.29 2.71 
Wehen Wiesbaden 11 6 9 8 7 7 5 4 4 4 1.57 0.86 1.29 1.14 
Ulm 11 8 14 19 7 7 6 7 1 1 1.57 1.14 2.0 2.71 
---------------------------------------------------------
Kickers Emden 21 12 19 16 11 8 9 7 3 1 1.91 1.5 1.73 2.0 
Meppen 31 17 9 17 10 9 9 7 2 3 3.1 1.89 0.9 1.89 
Weiche F. 26 17 25 22 10 9 11 6 0 3 2.6 1.89 2.5 2.44 
Phonix Lubeck 14 18 4 32 9 10 6 10 7 0 1.56 1.8 0.44 3.2 
BW Lohne 15 9 19 23 10 8 8 8 3 2 1.5 1.12 1.9 2.88 
HSC Hannover 16 15 20 13 10 8 8 7 3 2 1.6 1.88 2.0 1.62 
Altona 9 14 15 22 8 10 7 9 5 4 1.12 1.4 1.88 2.2 
Norderstedt 7 17 21 15 9 9 8 9 3 2 0.78 1.89 2.33 1.67 
VfB Lubeck 14 19 14 23 9 10 7 11 4 1 1.56 1.9 1.56 2.3 
Bremer SV 16 15 12 17 9 9 7 9 2 3 1.78 1.67 1.33 1.89 
Oldenburg 36 10 18 14 10 8 10 5 0 3 3.6 1.25 1.8 1.75 
Jeddeloh 16 22 8 11 7 9 5 9 3 2 2.29 2.44 1.14 1.22 
Hamburger SV B 16 19 17 14 8 10 7 9 1 4 2.0 1.9 2.12 1.4 
Hannover 96 B 13 18 13 16 8 10 6 9 3 5 1.62 1.8 1.62 1.6 
St. Pauli B 10 13 20 16 8 8 8 6 3 2 1.25 1.62 2.5 2.0 
Drochtersen.A. 31 22 11 8 10 9 10 8 1 4 3.1 2.44 1.1 0.89 
Schoningen 11 18 15 23 7 9 7 8 2 1 1.57 2.0 2.14 2.56 
Werder Bremen B 22 8 24 21 10 8 10 7 2 3 2.2 1.0 2.4 2.62 
AltonaSat 16 AugJeddeloh 3 0 Schoningen 0 0 0 0 0 1 0 0 0 1 2.2 0.0 2.4 0.0 
BW LohneSat 25 OctJeddeloh 4 1 Werder Bremen B 0 1 0 1 0 1 0 1 0 1 2.2 1.0 2.4 1.0 
---------------------------------------------------------
Girona 7 4 13 11 7 5 5 5 3 2 1.0 0.8 1.86 2.2 
Rayo Vallecano 3 9 3 11 5 7 2 5 5 3 0.6 1.29 0.6 1.57 
Villarreal 16 8 3 7 6 6 5 6 2 4 2.67 1.33 0.5 1.17 
Real Oviedo 2 5 10 10 6 6 4 4 4 4 0.33 0.83 1.67 1.67 
Mallorca 5 7 6 12 6 6 4 5 5 1 0.83 1.17 1.0 2.0 
FC Barcelona 16 16 3 12 5 7 5 7 0 1 3.2 2.29 0.6 1.71 
Alaves 9 2 6 5 6 6 5 1 2 6 1.5 0.33 1.0 0.83 
Levante 6 10 14 9 5 7 5 7 0 4 1.2 1.43 2.8 1.29 
Valencia 8 3 6 15 6 6 6 4 4 2 1.33 0.5 1.0 2.5 
Real Sociedad 9 5 8 9 6 6 4 5 2 4 1.5 0.83 1.33 1.5 
Celta Vigo 7 8 11 7 7 5 7 5 6 2 1.0 1.6 1.57 1.4 
Getafe 6 6 4 10 5 7 4 5 4 3 1.2 0.86 0.8 1.43 
Athletic Bilbao 8 4 6 7 7 5 3 3 5 3 1.14 0.8 0.86 1.4 
Sevilla FC 10 8 10 9 6 6 5 5 1 2 1.67 1.33 1.67 1.5 
Espanyol 10 5 9 6 7 5 5 4 3 3 1.43 1.0 1.29 1.2 
Atletico Madrid 18 6 6 5 7 5 6 5 3 4 2.57 1.2 0.86 1.0 
Elche 7 6 3 11 6 6 4 5 5 3 1.17 1.0 0.5 1.83 
Real Betis 10 9 5 8 6 6 5 6 3 3 1.67 1.5 0.83 1.33 
Real Madrid 14 12 3 7 6 6 5 4 2 2 2.33 2.0 0.5 1.17 
Osasuna 8 1 5 8 5 7 4 2 3 6 1.6 0.14 1.0 1.14 
---------------------------------------------------------
Burgos 9 10 4 9 7 7 3 5 5 2 1.29 1.43 0.57 1.29 
Leonesa 5 11 7 12 7 7 2 4 5 3 0.71 1.57 1.0 1.71 
Valladolid 11 4 8 4 8 6 5 3 4 6 1.38 0.67 1.0 0.67 
Ceuta 7 5 4 12 6 7 3 4 4 4 1.17 0.71 0.67 1.71 
Racing 18 13 11 12 8 6 7 6 1 0 2.25 2.17 1.38 2.0 
Castellon 14 7 12 7 7 7 5 3 3 4 2.0 1.0 1.71 1.0 
Malaga 13 3 7 10 7 6 5 4 3 3 1.86 0.5 1.0 1.67 
Eibar 11 7 4 12 7 7 5 5 4 3 1.57 1.0 0.57 1.71 
Granada 7 7 9 9 6 7 4 5 3 3 1.17 1.0 1.5 1.29 
Deportivo 10 16 2 10 6 8 4 8 4 3 1.67 2.0 0.33 1.25 
Real Sociedad B 14 6 7 14 7 7 6 4 3 3 2.0 0.86 1.0 2.0 
Real Zaragoza 3 4 12 8 7 6 4 2 5 5 0.43 0.67 1.71 1.33 
Cadiz 6 6 4 6 7 7 2 3 5 6 0.86 0.86 0.57 0.86 
Mirandes 4 10 13 10 7 7 4 6 4 4 0.57 1.43 1.86 1.43 
Huesca 9 3 7 12 7 7 5 4 4 4 1.29 0.43 1.0 1.71 
Leganes 6 6 7 7 6 8 4 5 4 5 1.0 0.75 1.17 0.88 
Las Palmas 10 5 6 3 7 7 4 2 4 6 1.43 0.71 0.86 0.43 
FC Andorra 7 13 5 19 6 8 4 8 3 2 1.17 1.62 0.83 2.38 
Sporting Gijon 12 7 10 10 8 6 5 4 4 2 1.5 1.17 1.25 1.67 
Cordoba 10 9 10 9 7 7 6 5 3 3 1.43 1.29 1.43 1.29 
Almeria 19 7 11 7 7 6 6 4 1 4 2.71 1.17 1.57 1.17 
Albacete 9 12 11 12 7 7 5 4 3 3 1.29 1.71 1.57 1.71 
AlmeriaSun 9 NovGranada 3 1 Real Zaragoza 0 0 0 0 0 1 0 0 0 1 1.29 0.0 1.57 0.0 
---------------------------------------------------------
Liverpool 10 8 5 12 5 6 4 5 2 1 2.0 1.33 1.0 2.0 
Bournemouth 8 9 2 16 5 6 3 5 3 1 1.6 1.5 0.4 2.67 
Aston Villa 10 3 5 5 6 5 4 3 2 4 1.67 0.6 0.83 1.0 
Newcastle Utd 8 3 6 8 5 6 4 3 2 3 1.6 0.5 1.2 1.33 
Brighton 10 7 5 10 5 6 5 5 1 3 2.0 1.17 1.0 1.67 
Fulham 8 4 3 13 5 6 3 6 3 3 1.6 0.67 0.6 2.17 
Sunderland 11 3 5 5 6 5 6 3 3 4 1.83 0.6 0.83 1.0 
West Ham Utd 8 5 15 8 6 5 6 5 1 2 1.33 1.0 2.5 1.6 
Tottenham 7 12 7 3 6 5 4 5 3 1 1.17 2.4 1.17 0.6 
Burnley 5 9 4 18 5 6 4 6 5 0 1.0 1.5 0.8 3.0 
Wolverhampton 6 1 14 11 5 6 5 4 1 4 1.2 0.17 2.8 1.83 
Manchester City 16 7 4 4 6 5 6 3 2 3 2.67 1.4 0.67 0.8 
Chelsea 9 12 6 5 6 5 5 4 2 1 1.5 2.4 1.0 1.0 
Crystal Palace 8 6 5 4 6 5 4 3 4 2 1.33 1.2 0.83 0.8 
Nottm Forest 8 2 11 9 6 5 5 5 1 4 1.33 0.4 1.83 1.8 
Brentford 12 5 7 10 6 5 4 5 2 2 2.0 1.0 1.17 2.0 
Manchester Utd 11 8 6 12 5 6 4 6 2 1 2.2 1.33 1.2 2.0 
Arsenal 12 8 1 4 5 6 4 3 3 4 2.4 1.33 0.2 0.67 
Leeds Utd 6 4 5 15 5 6 3 5 2 2 1.2 0.67 1.0 2.5 
Everton 7 5 5 8 6 5 5 4 4 3 1.17 1.0 0.83 1.6 
---------------------------------------------------------
Birmingham City 15 7 6 11 7 8 5 6 3 5 2.14 0.88 0.86 1.38 
Ipswich Town 15 7 9 8 8 6 7 4 3 3 1.88 1.17 1.12 1.33 
Charlton 9 12 4 8 7 7 4 6 5 3 1.29 1.71 0.57 1.14 
Watford 14 3 8 6 8 7 7 3 2 7 1.75 0.43 1.0 0.86 
Coventry City 19 17 4 7 7 8 6 5 3 4 2.71 2.12 0.57 0.88 
Hull City 15 8 12 11 8 7 6 6 2 3 1.88 1.14 1.5 1.57 
Southampton 7 9 7 11 7 8 5 6 4 5 1.0 1.12 1.0 1.38 
Wrexham 12 7 12 6 8 7 6 5 4 5 1.5 1.0 1.5 0.86 
Middlesbrough 9 13 4 13 7 8 4 8 4 2 1.29 1.62 0.57 1.62 
Swansea City 9 10 13 8 8 7 6 5 4 4 1.12 1.43 1.62 1.14 
Norwich City 5 10 13 11 7 8 5 7 3 3 0.71 1.25 1.86 1.38 
Millwall 8 10 10 4 8 7 6 4 5 5 1.0 1.43 1.25 0.57 
Oxford Utd 7 6 11 12 7 8 4 4 3 5 1.0 0.75 1.57 1.5 
Portsmouth 6 8 9 4 8 7 4 4 5 6 0.75 1.14 1.12 0.57 
QP Rangers 8 10 10 18 7 8 5 8 3 3 1.14 1.25 1.43 2.25 
Preston 12 5 7 11 8 6 5 5 4 4 1.5 0.83 0.88 1.83 
Stoke City 11 11 5 10 7 8 3 6 5 2 1.57 1.38 0.71 1.25 
Derby County 10 10 9 12 7 7 5 6 5 2 1.43 1.43 1.29 1.71 
West Brom 7 9 5 10 7 8 4 4 5 4 1.0 1.12 0.71 1.25 
Blackburn 7 8 13 4 7 7 7 3 2 5 1.0 1.14 1.86 0.57 
Sheffield Utd 4 7 11 13 7 8 3 4 4 4 0.57 0.88 1.57 1.62 
Bristol City 11 11 10 8 8 7 5 6 4 3 1.38 1.57 1.25 1.14 
Leicester City 7 10 6 10 7 8 6 6 6 2 1.0 1.25 0.86 1.25 
Sheffield Wed 3 7 18 11 8 7 7 5 4 3 0.38 1.0 2.25 1.57 
Ipswich TownSat 20 SepDerby County 0 1 Preston 0 1 0 3 0 1 0 1 0 0 0.38 1.0 2.25 3.0 
---------------------------------------------------------
Luton Town 5 13 6 5 7 8 2 6 6 4 0.71 1.62 0.86 0.62 
AFC Wimbledon 9 6 5 13 7 8 5 5 5 3 1.29 0.75 0.71 1.62 
Cardiff City 16 7 9 6 7 7 6 3 1 4 2.29 1.0 1.29 0.86 
Peterborough 9 8 10 17 7 7 6 7 3 2 1.29 1.14 1.43 2.43 
Blackpool 13 8 12 13 8 7 7 6 4 2 1.62 1.14 1.5 1.86 
Stevenage 9 11 2 11 6 7 4 6 5 2 1.5 1.57 0.33 1.57 
Bradford 14 7 9 7 8 7 5 6 2 4 1.75 1.0 1.12 1.0 
Wycombe 14 8 8 9 7 7 6 5 2 4 2.0 1.14 1.14 1.29 
Burton Albion 2 10 10 17 6 8 3 6 3 2 0.33 1.25 1.67 2.12 
Mansfield 13 5 6 13 7 7 7 6 4 3 1.86 0.71 0.86 1.86 
Doncaster 10 5 9 6 8 6 6 3 4 4 1.25 0.83 1.12 1.0 
Exeter City 12 2 8 8 8 7 7 3 5 7 1.5 0.29 1.0 1.14 
Huddersfield 14 5 7 10 8 6 6 4 3 4 1.75 0.83 0.88 1.67 
Leyton Orient 14 10 8 12 8 8 5 6 4 3 1.75 1.25 1.0 1.5 
Lincoln City 14 8 8 8 8 8 6 6 4 6 1.75 1.0 1.0 1.0 
Reading 7 8 6 6 7 7 4 5 5 6 1.0 1.14 0.86 0.86 
Plymouth 8 9 10 13 7 8 4 7 4 4 1.14 1.12 1.43 1.62 
Barnsley 10 9 9 13 6 7 5 6 3 3 1.67 1.29 1.5 1.86 
Rotherham 13 4 8 11 8 7 5 4 3 5 1.62 0.57 1.0 1.57 
Port Vale 5 4 10 9 7 8 3 6 3 7 0.71 0.5 1.43 1.12 
Wigan Athletic 10 6 5 13 7 8 5 5 5 4 1.43 0.75 0.71 1.62 
Northampton 8 6 5 10 8 7 4 5 6 4 1.0 0.86 0.62 1.43 
Stockport 9 11 8 12 8 7 6 6 5 2 1.12 1.57 1.0 1.71 
Bolton 18 8 4 7 8 6 7 5 4 4 2.25 1.33 0.5 1.17 
BarnsleySat 6 SepWycombe 2 0 Mansfield 0 1 0 3 0 1 0 1 0 0 2.25 1.0 0.5 3.0 
Cardiff CitySat 11 OctBurton Albion 3 0 Bolton 0 0 0 4 0 1 0 1 0 0 2.25 0.0 0.5 4.0 
StockportSat 25 OctReading 1 1 Doncaster 0 3 0 0 0 1 0 1 0 0 2.25 3.0 0.5 0.0 
---------------------------------------------------------
Casa Pia 6 7 12 12 5 6 5 6 3 2 1.2 1.17 2.4 2.0 
Sporting CP 13 14 3 3 5 6 5 5 2 2 2.6 2.33 0.6 0.5 
Nacional 5 6 11 4 5 6 5 3 2 6 1.0 1.0 2.2 0.67 
Gil Vicente 7 9 2 3 5 6 4 4 5 4 1.4 1.5 0.4 0.5 
Arouca 7 6 13 17 6 5 6 5 3 1 1.17 1.2 2.17 3.4 
AVS 4 4 12 13 6 5 5 5 3 1 0.67 0.8 2.0 2.6 
Famalicao 6 5 3 2 6 5 3 2 4 5 1.0 1.0 0.5 0.4 
Santa Clara 6 3 6 7 6 5 4 3 3 3 1.0 0.6 1.0 1.4 
Moreirense 10 6 5 10 5 6 5 5 1 3 2.0 1.0 1.0 1.67 
Alverca 5 7 10 9 6 5 5 5 3 1 0.83 1.4 1.67 1.8 
Sporting Braga 11 8 5 6 6 5 4 5 2 2 1.83 1.6 0.83 1.2 
Tondela 2 4 7 13 5 6 2 5 3 1 0.4 0.67 1.4 2.17 
Estoril 9 10 8 9 6 5 4 5 4 1 1.5 2.0 1.33 1.8 
Estrela Amadora 7 6 8 6 6 5 5 3 3 4 1.17 1.2 1.33 1.2 
FC Porto 10 14 1 2 5 6 3 5 2 2 2.0 2.33 0.2 0.33 
Guimaraes 7 3 8 9 5 6 5 5 2 5 1.4 0.5 1.6 1.5 
Benfica 14 9 5 1 6 5 6 3 2 2 2.33 1.8 0.83 0.2 
Rio Ave 6 8 10 9 5 6 5 5 1 3 1.2 1.33 2.0 1.5 
---------------------------------------------------------
Pacos Ferreira 10 3 6 9 5 6 4 4 1 3 2.0 0.5 1.2 1.5 
Vizela 10 7 5 6 5 6 4 5 2 4 2.0 1.17 1.0 1.0 
Torreense 7 10 4 7 5 6 3 3 3 3 1.4 1.67 0.8 1.17 
Sporting CP B 11 8 3 3 5 5 3 3 2 3 2.2 1.6 0.6 0.6 
Portimonense 6 7 7 11 6 4 5 4 4 0 1.0 1.75 1.17 2.75 
Penafiel 4 8 5 6 5 6 4 4 4 3 0.8 1.33 1.0 1.0 
Chaves 4 8 4 5 5 6 3 4 5 4 0.8 1.33 0.8 0.83 
Benfica B 8 8 11 8 6 5 6 5 2 3 1.33 1.6 1.83 1.6 
Maritimo 7 6 7 1 6 5 4 2 4 5 1.17 1.2 1.17 0.2 
Lusitania FC 6 6 7 11 6 5 5 4 4 1 1.0 1.2 1.17 2.2 
Leixoes 8 5 14 9 7 5 5 5 3 3 1.14 1.0 2.0 1.8 
Felgueiras 10 3 8 10 7 5 6 5 4 3 1.43 0.6 1.14 2.0 
FC Porto B 4 3 7 9 5 5 3 3 3 3 0.8 0.6 1.4 1.8 
Feirense 7 5 5 8 5 6 4 4 3 4 1.4 0.83 1.0 1.33 
Uniao de Leiria 7 7 6 5 5 6 3 4 2 4 1.4 1.17 1.2 0.83 
Academico Viseu 8 15 5 11 5 6 3 6 3 0 1.6 2.5 1.0 1.83 
Oliveirense 7 3 7 5 6 5 4 2 4 4 1.17 0.6 1.17 1.0 
Farense 4 9 10 4 5 7 4 6 3 6 0.8 1.29 2.0 0.57 
---------------------------------------------------------
Godoy Cruz 3 5 5 13 8 8 3 6 7 4 0.38 0.62 0.62 1.62 
Rosario Central 14 8 4 4 7 9 5 3 2 6 2.0 0.89 0.57 0.44 
Tigre 8 10 5 7 8 8 4 5 6 5 1.0 1.25 0.62 0.88 
Velez Sarsfield 2 4 7 11 8 7 2 5 8 3 0.25 0.57 0.88 1.57 
Defensa y J. 6 12 7 15 7 9 4 7 4 5 0.86 1.33 1.0 1.67 
Banfield 9 5 6 13 8 8 5 4 5 5 1.12 0.62 0.75 1.62 
Lanus 9 4 5 6 8 8 5 3 7 7 1.12 0.5 0.62 0.75 
D. Riestra 5 8 1 6 8 8 2 5 7 5 0.62 1.0 0.12 0.75 
Newells 6 6 4 11 8 8 3 7 7 6 0.75 0.75 0.5 1.38 
I. Rivadavia 12 8 10 7 8 8 6 6 4 6 1.5 1.0 1.25 0.88 
Barracas C. 13 7 10 8 8 8 6 5 3 6 1.62 0.88 1.25 1.0 
Racing Club 14 12 5 11 7 9 4 7 4 5 2.0 1.33 0.71 1.22 
Independiente 16 7 2 10 8 8 7 6 5 6 2.0 0.88 0.25 1.25 
Sarmiento 6 5 6 13 8 8 5 5 7 5 0.75 0.62 0.75 1.62 
Belgrano 9 4 10 13 8 8 8 5 6 5 1.12 0.5 1.25 1.62 
Huracan 11 8 5 7 8 8 5 6 7 6 1.38 1.0 0.62 0.88 
SM San Juan 4 1 11 7 9 7 4 2 7 7 0.44 0.14 1.22 1.0 
A. Tucuman 13 4 10 11 8 8 6 4 3 6 1.62 0.5 1.25 1.38 
San Lorenzo 9 5 7 3 8 8 4 3 5 8 1.12 0.62 0.88 0.38 
T. de Cordoba 7 4 10 5 8 8 5 3 5 7 0.88 0.5 1.25 0.62 
Estudiantes 10 8 5 14 7 9 4 7 5 5 1.43 0.89 0.71 1.56 
Union Santa Fe 8 3 6 11 9 7 4 4 8 4 0.89 0.43 0.67 1.57 
Instituto 11 5 3 17 7 9 5 6 5 5 1.57 0.56 0.43 1.89 
Gimnasia 7 2 7 11 8 8 5 4 6 6 0.88 0.25 0.88 1.38 
Platense 7 6 5 6 8 8 4 3 6 7 0.88 0.75 0.62 0.75 
River Plate 14 7 7 2 9 7 5 5 6 6 1.56 1.0 0.78 0.29 
Boca Juniors 14 10 2 9 8 8 5 7 5 5 1.75 1.25 0.25 1.12 
Argentinos Jrs 16 8 4 5 9 7 6 4 6 5 1.78 1.14 0.44 0.71 
Central Cordoba 12 9 8 14 9 7 7 5 5 2 1.33 1.29 0.89 2.0 
Aldosivi 9 9 18 10 8 8 8 5 2 5 1.12 1.12 2.25 1.25 
Velez Sarsfie 0 1 0 4 0 1 0 1 0 0 1.12 1.0 2.25 4.0 
---------------------------------------------------------
Antwerp 11 2 8 8 7 7 6 4 3 7 1.57 0.29 1.14 1.14 
Royale Union SG 17 12 1 7 6 8 6 5 3 5 2.83 1.5 0.17 0.88 
Dender 3 5 9 14 7 7 3 7 5 3 0.43 0.71 1.29 2.0 
Cercle Brugge 13 5 16 5 8 6 8 4 3 4 1.62 0.83 2.0 0.83 
Zulte-Waregem 10 11 9 12 7 7 6 6 5 2 1.43 1.57 1.29 1.71 
KV Mechelen 9 10 9 8 7 7 6 6 4 4 1.29 1.43 1.29 1.14 
La Louviere 4 7 3 11 7 7 2 5 6 3 0.57 1.0 0.43 1.57 
Standard Liege 9 4 9 10 7 7 6 4 3 5 1.29 0.57 1.29 1.43 
Anderlecht 14 7 7 6 8 6 4 5 5 5 1.75 1.17 0.88 1.0 
Westerlo 8 11 6 18 7 7 5 6 6 3 1.14 1.57 0.86 2.57 
OH Leuven 10 5 8 14 7 7 5 6 3 4 1.43 0.71 1.14 2.0 
Charleroi 9 9 7 13 7 7 6 5 5 2 1.29 1.29 1.0 1.86 
Club Brugge 14 7 7 6 6 8 5 3 3 6 2.33 0.88 1.17 0.75 
KRC Genk 8 11 8 10 6 8 5 7 3 3 1.33 1.38 1.33 1.25 
Sint-Truiden 12 7 9 7 8 6 6 6 3 5 1.5 1.17 1.12 1.17 
Gent 14 9 6 16 7 7 6 6 3 2 2.0 1.29 0.86 2.29 
---------------------------------------------------------
OC Charleroi 2 3 17 7 7 5 5 3 4 3 0.29 0.6 2.43 1.4 
Jong Gent 5 12 8 6 6 6 4 6 4 3 0.83 2.0 1.33 1.0 
Seraing 8 3 10 11 6 6 6 4 3 3 1.33 0.5 1.67 1.83 
Beerschot 9 10 5 3 6 6 4 5 4 4 1.5 1.67 0.83 0.5 
Anderlecht B 6 7 11 5 5 6 5 3 1 5 1.2 1.17 2.2 0.83 
Kortrijk 8 16 4 6 6 6 4 6 5 0 1.33 2.67 0.67 1.0 
Eupen 7 11 3 10 5 7 3 5 3 3 1.4 1.57 0.6 1.43 
RFC Liege 13 7 10 4 7 6 7 4 4 5 1.86 1.17 1.43 0.67 
Lierse K. 10 3 10 7 6 7 5 3 3 6 1.67 0.43 1.67 1.0 
Beveren 11 17 3 5 6 7 4 7 2 3 1.83 2.43 0.5 0.71 
Patro Eisden 8 7 7 7 6 6 5 5 2 4 1.33 1.17 1.17 1.17 
Lokeren-Temse 8 6 9 9 5 7 4 4 2 4 1.6 0.86 1.8 1.29 
RWDM 13 10 10 9 7 5 6 5 3 2 1.86 2.0 1.43 1.8 
Lommel SK 10 16 8 11 6 7 5 6 1 3 1.67 2.29 1.33 1.57 
Club Brugge B 3 6 13 10 7 5 6 5 5 1 0.43 1.2 1.86 2.0 
Francs Borains 7 5 7 12 7 5 4 5 5 2 1.0 1.0 1.0 2.4 
KRC Genk B 5 6 10 11 5 6 4 5 2 2 1.0 1.0 2.0 1.83 
---------------------------------------------------------
Cruzeiro 30 16 12 10 17 16 12 10 6 13 1.76 1.0 0.71 0.62 
Mirassol 36 18 14 19 17 16 15 11 7 10 2.12 1.12 0.82 1.19 
Fortaleza 20 14 22 29 17 16 12 13 11 7 1.18 0.88 1.29 1.81 
Fluminense 21 17 10 27 16 17 9 13 10 11 1.31 1.0 0.62 1.59 
Gremio 18 17 13 30 16 17 10 14 12 10 1.12 1.0 0.81 1.76 
Atletico MG 24 13 14 25 16 18 10 10 9 12 1.5 0.72 0.88 1.39 
Juventude 17 12 19 40 16 17 13 13 11 7 1.06 0.71 1.19 2.35 
Vitoria 18 11 15 32 17 16 8 11 10 10 1.06 0.69 0.88 2.0 
Sao Paulo 22 15 16 20 17 16 12 11 11 10 1.29 0.94 0.94 1.25 
Sport Recife 16 9 32 28 17 16 12 12 8 9 0.94 0.56 1.88 1.75 
Flamengo 42 27 8 13 17 16 12 12 9 8 2.47 1.69 0.47 0.81 
Internacional 23 14 18 28 17 16 13 12 10 9 1.35 0.88 1.06 1.75 
Palmeiras 35 23 11 18 17 16 12 11 9 7 2.06 1.44 0.65 1.12 
Botafogo 29 15 18 10 16 17 13 7 7 15 1.81 0.88 1.12 0.59 
Vasco da Gama 26 24 23 26 17 16 15 15 9 5 1.53 1.5 1.35 1.62 
Santos 17 17 18 30 16 17 9 13 10 7 1.06 1.0 1.12 1.76 
Bahia 28 16 11 29 16 17 11 13 8 7 1.75 0.94 0.69 1.71 
Corinthians 21 14 14 24 16 17 11 12 9 11 1.31 0.82 0.88 1.41 
Bragantino 23 17 23 27 17 17 12 12 7 8 1.35 1.0 1.35 1.59 
Ceara 17 14 12 18 16 17 11 7 14 11 1.06 0.82 0.75 1.06 
---------------------------------------------------------
Goias 25 16 18 16 19 18 12 10 11 12 1.32 0.89 0.95 0.89 
Amazonas 22 15 18 35 18 19 13 15 11 10 1.22 0.79 1.0 1.84 
Criciuma 31 16 18 14 19 18 13 11 10 15 1.63 0.89 0.95 0.78 
Operario PR 24 14 17 26 18 19 12 13 9 11 1.33 0.74 0.94 1.37 
Paysandu 17 18 26 24 19 18 13 10 10 12 0.89 1.0 1.37 1.33 
Athletico PR 22 30 15 28 18 19 13 15 14 4 1.22 1.58 0.83 1.47 
Coritiba 21 16 10 12 19 18 10 7 15 13 1.11 0.89 0.53 0.67 
Vila Nova 22 16 16 26 18 19 12 13 12 13 1.22 0.84 0.89 1.37 
CRB 30 15 12 25 19 18 12 12 13 12 1.58 0.83 0.63 1.39 
Chapecoense 31 20 20 15 18 19 14 10 8 14 1.72 1.05 1.11 0.79 
America MG 24 17 19 24 19 18 13 11 12 9 1.26 0.94 1.0 1.33 
Botafogo SP 17 15 19 33 18 19 11 15 11 13 0.94 0.79 1.06 1.74 
Ferroviaria 20 22 23 27 19 18 14 15 10 6 1.05 1.22 1.21 1.5 
Remo 23 25 15 23 18 19 12 16 13 11 1.28 1.32 0.83 1.21 
Volta Redonda 16 8 13 28 19 18 8 12 15 12 0.84 0.44 0.68 1.56 
Cuiaba 25 17 17 27 18 19 9 16 10 13 1.39 0.89 0.94 1.42 
Avai 31 19 15 25 19 18 15 15 9 9 1.63 1.06 0.79 1.39 
Novorizontino 28 12 14 18 18 19 14 9 11 15 1.56 0.63 0.78 0.95 
Atletico GO 26 13 13 24 19 18 12 12 12 11 1.37 0.72 0.68 1.33 
Athletic Club 20 21 27 25 18 19 17 12 9 10 1.11 1.11 1.5 1.32 
---------------------------------------------------------
Botafogo PB 14 8 10 11 10 9 7 6 5 5 1.4 0.89 1.0 1.22 
Confianca 15 6 9 13 9 10 7 6 5 7 1.67 0.6 1.0 1.3 
CSA 16 5 13 10 10 9 9 4 4 7 1.6 0.56 1.3 1.11 
Anapolis 8 8 3 16 9 10 4 8 8 7 0.89 0.8 0.33 1.6 
Figueirense 10 11 8 9 9 9 6 7 7 5 1.11 1.22 0.89 1.0 
Ponte Preta 10 10 7 9 10 9 4 6 8 5 1.0 1.11 0.7 1.0 
Ituano 10 9 9 15 10 9 6 7 6 4 1.0 1.0 0.9 1.67 
Brusque 7 13 7 10 10 9 4 6 8 4 0.7 1.44 0.7 1.11 
Caxias 15 11 6 15 9 10 5 7 5 4 1.67 1.1 0.67 1.5 
Floresta 10 5 5 10 9 10 5 4 7 8 1.11 0.5 0.56 1.0 
Guarani 10 10 8 12 10 9 4 7 6 7 1.0 1.11 0.8 1.33 
Maringa 11 15 8 16 9 10 6 9 7 5 1.22 1.5 0.89 1.6 
Itabaiana 12 4 7 13 9 10 5 4 5 8 1.33 0.4 0.78 1.3 
Nautico 13 12 2 5 10 9 5 6 7 6 1.3 1.33 0.2 0.56 
Retro 4 3 9 13 9 10 4 4 7 7 0.44 0.3 1.0 1.3 
Tombense 10 4 10 13 9 10 7 4 6 8 1.11 0.4 1.11 1.3 
Sao Bernardo 12 7 9 6 10 9 8 4 7 9 1.2 0.78 0.9 0.67 
ABC 12 8 18 7 9 10 6 6 4 9 1.33 0.8 2.0 0.7 
Londrina 15 12 10 9 10 9 10 6 7 6 1.5 1.33 1.0 1.0 
Ypiranga 9 8 11 10 10 9 4 5 7 4 0.9 0.89 1.1 1.11 
Figueiren 0 0 0 1 0 1 0 0 0 1 0.9 0.0 1.1 1.0 
---------------------------------------------------------
D. Iquique 15 14 25 31 13 14 11 13 3 5 1.15 1.0 1.92 2.21 
Coquimbo Unido 20 22 6 7 13 14 8 8 8 8 1.54 1.57 0.46 0.5 
OHiggins 20 18 10 21 13 14 7 9 9 7 1.54 1.29 0.77 1.5 
Huachipato 24 16 11 29 14 13 9 9 6 5 1.71 1.23 0.79 2.23 
Palestino 19 17 14 13 14 13 11 9 7 6 1.36 1.31 1.0 1.0 
Cobresal 21 13 14 17 14 13 10 9 6 7 1.5 1.0 1.0 1.31 
U. de Chile 39 14 13 16 14 13 11 9 4 9 2.79 1.08 0.93 1.23 
Nublense 13 13 13 25 13 14 8 11 10 7 1.0 0.93 1.0 1.79 
La Serena 17 14 21 25 14 13 11 12 8 4 1.21 1.08 1.5 1.92 
Colo-Colo 27 14 14 16 13 14 11 9 5 8 2.08 1.0 1.08 1.14 
D. Limache 17 16 12 31 13 14 8 13 9 3 1.31 1.14 0.92 2.21 
Everton 16 11 15 25 14 13 10 11 8 5 1.14 0.85 1.07 1.92 
U. Catolica 22 18 11 13 13 14 9 10 7 10 1.69 1.29 0.85 0.93 
Audax Italiano 26 20 17 25 13 14 11 11 6 5 2.0 1.43 1.31 1.79 
Union La Calera 18 8 15 17 14 13 9 5 7 11 1.29 0.62 1.07 1.31 
Union Espanola 20 9 26 23 14 13 12 8 4 7 1.43 0.69 1.86 1.77 
---------------------------------------------------------
Chengdu 27 32 10 17 15 14 11 13 8 4 1.8 2.29 0.67 1.21 
Wuhan Three T. 21 12 26 31 14 15 12 12 5 6 1.5 0.8 1.86 2.07 
S. Shenhua 39 25 19 15 15 14 14 10 3 6 2.6 1.79 1.27 1.07 
Changchun Yatai 14 12 24 27 15 14 10 12 7 6 0.93 0.86 1.6 1.93 
Yunnan Yukun 26 20 22 29 15 14 13 11 8 5 1.73 1.43 1.47 2.07 
Beijing Guoan 33 31 19 26 14 15 12 15 4 5 2.36 2.07 1.36 1.73 
Qingdao Hainiu 22 11 20 26 15 14 12 9 9 8 1.47 0.79 1.33 1.86 
Qingdao West C. 20 18 21 22 14 15 11 11 6 7 1.43 1.2 1.5 1.47 
Shandong T. 36 28 15 30 15 14 13 13 4 3 2.4 2.0 1.0 2.14 
Henan SL 31 20 24 23 14 15 14 10 3 6 2.21 1.33 1.71 1.53 
Tianjin T. 21 18 12 26 14 15 8 14 8 6 1.5 1.2 0.86 1.73 
Meizhou Hakka 23 12 36 30 15 14 14 12 1 6 1.53 0.86 2.4 2.14 
Zhejiang 32 26 22 27 14 15 13 14 3 5 2.29 1.73 1.57 1.8 
Dalian Yingbo 15 15 13 31 14 15 10 15 11 8 1.07 1.0 0.93 2.07 
Shanghai Port 34 37 18 26 15 14 15 14 4 1 2.27 2.64 1.2 1.86 
Shenzhen P. C. 26 8 24 34 14 15 13 10 3 5 1.86 0.53 1.71 2.27 
---------------------------------------------------------
Aris 4 6 4 6 5 5 3 6 5 3 0.8 1.2 0.8 1.2 
Volos 5 9 4 11 4 6 2 7 2 2 1.25 1.5 1.0 1.83 
Olympiakos 14 7 3 11 5 5 5 3 2 2 2.8 1.4 0.6 2.2 
Asteras T. 10 8 7 9 4 6 4 4 0 3 2.5 1.33 1.75 1.5 
Panaitolikos 9 5 8 7 5 5 5 5 1 3 1.8 1.0 1.6 1.4 
Atromitos 5 7 8 4 5 5 5 4 2 4 1.0 1.4 1.6 0.8 
PAOK 7 4 1 3 5 4 2 2 3 3 1.4 1.0 0.2 0.75 
OFI CreteSun 24 AugAEK Athens 2 0 Panserraikos 0 0 0 1 0 1 0 0 0 1 1.4 0.0 0.2 1.0 
Levadiakos 19 8 6 10 6 4 5 4 2 1 3.17 2.0 1.0 2.5 
Larissa 4 7 11 10 5 5 5 4 4 1 0.8 1.4 2.2 2.0 
Kifisia 7 7 10 8 5 5 4 4 2 2 1.4 1.4 2.0 1.6 
Panserraikos 3 4 10 3 5 4 4 2 3 3 0.6 1.0 2.0 0.75 
OFI Crete 6 5 9 6 5 4 4 4 1 2 1.2 1.25 1.8 1.5 
AEK Athens 3 3 2 12 4 5 1 3 4 2 0.75 0.6 0.5 2.4 
Panathinaikos 7 6 3 2 5 4 4 3 4 3 1.4 1.5 0.6 0.5 
---------------------------------------------------------
Boyaca Chico 8 6 12 19 10 10 6 7 7 5 0.8 0.6 1.2 1.9 
A. Bucaramanga 12 12 9 11 10 10 7 7 7 5 1.2 1.2 0.9 1.1 
America de Cali 20 9 4 8 10 10 8 6 7 8 2.0 0.9 0.4 0.8 
Llaneros 10 10 11 17 10 10 4 7 6 4 1.0 1.0 1.1 1.7 
A. Nacional 25 12 9 12 10 10 8 6 3 6 2.5 1.2 0.9 1.2 
Once Caldas 18 8 8 14 10 10 7 8 3 6 1.8 0.8 0.8 1.4 
Santa Fe 14 14 10 13 10 10 8 6 5 7 1.4 1.4 1.0 1.3 
D. Pereira 13 9 2 19 10 10 6 8 9 4 1.3 0.9 0.2 1.9 
Junior 14 12 7 9 10 10 7 5 5 7 1.4 1.2 0.7 0.9 
Deportivo Cali 10 4 6 10 10 9 5 5 8 8 1.0 0.44 0.6 1.11 
A. Petrolera 16 7 8 13 10 10 6 7 6 6 1.6 0.7 0.8 1.3 
I. Medelin 13 6 3 8 10 10 6 5 8 9 1.3 0.6 0.3 0.8 
R. Aguilas 9 8 11 8 10 10 5 5 7 7 0.9 0.8 1.1 0.8 
La Equidad 8 5 14 21 10 10 6 8 7 3 0.8 0.5 1.4 2.1 
Deportes Tolima 16 14 6 13 10 10 7 7 5 6 1.6 1.4 0.6 1.3 
Deportivo Pasto 16 4 8 12 10 10 6 5 5 8 1.6 0.4 0.8 1.2 
Fortaleza CEIF 10 5 10 15 10 10 5 7 7 7 1.0 0.5 1.0 1.5 
Envigado 9 7 18 11 10 10 7 4 5 7 0.9 0.7 1.8 1.1 
Millonarios 14 16 4 13 10 10 5 8 8 4 1.4 1.6 0.4 1.3 
Union Magdalena 7 7 15 15 10 10 7 7 6 6 0.7 0.7 1.5 1.5 
Deportivo Ca 0 0 0 1 0 1 0 0 0 1 0.7 0.0 1.5 1.0 
---------------------------------------------------------
Lok. Zagreb 8 3 8 9 7 6 5 4 4 4 1.14 0.5 1.14 1.5 
Vukovar 9 5 9 5 7 6 5 3 4 4 1.29 0.83 1.29 0.83 
Rijeka 8 6 7 12 6 6 5 6 4 1 1.33 1.0 1.17 2.0 
GoricaSat 2 AugOsijek 0 2 Dinamo Zagreb 0 0 0 2 0 1 0 1 0 1 1.33 0.0 1.17 2.0 
Hajduk Split 13 9 5 6 7 6 7 5 4 2 1.86 1.5 0.71 1.0 
Slaven Belupo 9 8 6 15 6 7 5 6 2 2 1.5 1.14 1.0 2.14 
Varazdin 9 6 7 10 7 6 5 4 4 3 1.29 1.0 1.0 1.67 
Istra 9 9 8 7 7 6 5 6 3 4 1.29 1.5 1.14 1.17 
Dinamo Zagreb 15 3 5 6 6 6 6 3 0 5 2.5 0.5 0.83 1.0 
Gorica 10 9 13 6 7 6 6 6 2 3 1.43 1.5 1.86 1.0 
Osijek 4 12 2 16 4 8 2 7 3 1 1.0 1.5 0.5 2.0 
---------------------------------------------------------
Viborg 12 9 13 9 7 8 6 6 1 4 1.71 1.12 1.86 1.12 
FC Kobenhavn 12 17 10 12 7 8 6 8 4 2 1.71 2.12 1.43 1.5 
Fredericia 7 11 17 18 8 7 7 7 4 1 0.88 1.57 2.12 2.57 
Nordsjaelland 7 12 10 16 7 8 3 7 4 2 1.0 1.5 1.43 2.0 
Vejle BK 11 5 12 14 8 7 8 6 3 4 1.38 0.71 1.5 2.0 
Randers FC 7 9 10 12 7 8 5 5 4 4 1.0 1.12 1.43 1.5 
SonderjyskE 12 12 7 15 7 8 6 6 3 4 1.71 1.5 1.0 1.88 
AGF Aarhus 13 17 7 10 8 7 4 7 4 2 1.62 2.43 0.88 1.43 
FC Midtjylland 26 12 13 3 8 7 8 5 2 5 3.25 1.71 1.62 0.43 
Odense BK 14 12 18 18 8 7 8 7 2 1 1.75 1.71 2.25 2.57 
Brondby IF 18 11 11 4 8 7 8 5 2 6 2.25 1.57 1.38 0.57 
Silkeborg 10 12 11 18 7 8 7 7 4 2 1.43 1.5 1.57 2.25 
---------------------------------------------------------
HB Koge 8 11 8 22 8 8 6 8 6 0 1.0 1.38 1.0 2.75 
Hobro 9 8 13 14 8 8 6 8 4 5 1.12 1.0 1.62 1.75 
Hvidovre 16 7 10 8 9 7 8 5 4 4 1.78 1.0 1.11 1.14 
B 93 7 13 16 11 8 8 5 7 3 3 0.88 1.62 2.0 1.38 
Hillerod 14 11 9 11 8 8 8 7 3 2 1.75 1.38 1.12 1.38 
Middelfart 9 5 14 16 8 8 6 5 2 4 1.12 0.62 1.75 2.0 
Kolding IF 10 10 9 10 8 8 4 6 4 4 1.25 1.25 1.12 1.25 
Aalborg BK 17 12 6 16 7 9 7 7 2 3 2.43 1.33 0.86 1.78 
AC Horsens 11 10 9 5 7 9 5 4 3 6 1.57 1.11 1.29 0.56 
Aarhus Fremad 14 10 9 13 8 8 6 7 3 4 1.75 1.25 1.12 1.62 
Esbjerg 15 8 13 9 9 7 8 4 5 4 1.67 1.14 1.44 1.29 
Lyngby 15 20 9 10 8 8 7 8 2 2 1.88 2.5 1.12 1.25 
---------------------------------------------------------
Manta 29 11 25 31 17 17 14 15 7 11 1.71 0.65 1.47 1.82 
Barcelona SC 19 31 21 20 17 18 12 13 11 8 1.12 1.72 1.24 1.11 
Aucas 34 19 20 28 18 17 13 14 8 10 1.89 1.12 1.11 1.65 
Tecnico U. 14 14 22 27 16 17 11 11 9 10 0.88 0.82 1.38 1.59 
Libertad 29 18 23 21 18 17 13 12 8 12 1.61 1.06 1.28 1.24 
I. del Valle 26 37 13 14 16 18 14 16 9 5 1.62 2.06 0.81 0.78 
Macara 18 26 19 15 17 18 10 12 11 13 1.06 1.44 1.12 0.83 
Orense 26 12 17 26 18 17 13 10 7 11 1.44 0.71 0.94 1.53 
LDU Quito 40 20 18 16 18 16 17 9 6 9 2.22 1.25 1.0 1.0 
Cuniburo 22 16 20 27 17 16 10 12 9 6 1.29 1.0 1.18 1.69 
El Nacional 17 24 26 28 18 17 12 12 10 8 0.94 1.41 1.44 1.65 
D. Cuenca 21 18 17 21 17 18 13 11 12 11 1.24 1.0 1.0 1.17 
Emelec 18 17 17 23 17 18 9 14 12 11 1.06 0.94 1.0 1.28 
U. Catolica 32 33 17 28 17 18 16 17 9 7 1.88 1.83 1.0 1.56 
Mushuc Runa 26 15 28 27 17 17 14 13 8 8 1.53 0.88 1.65 1.59 
Delfin 17 13 21 28 18 16 11 12 12 8 0.94 0.81 1.17 1.75 
Delf 0 0 0 8 0 1 0 1 0 0 0.94 0.0 1.17 8.0 
---------------------------------------------------------
Rennes 11 8 6 11 6 6 4 5 2 2 1.83 1.33 1.0 1.83 
Marseille 21 7 6 5 6 6 5 3 1 3 3.5 1.17 1.0 0.83 
Lens 13 8 4 7 6 6 5 5 1 3 2.17 1.33 0.67 1.17 
Lyon 10 8 6 9 6 6 4 3 2 3 1.67 1.33 1.0 1.5 
Monaco 15 9 12 9 7 5 5 4 2 2 2.14 1.8 1.71 1.8 
Le Havre 9 4 7 10 6 6 5 2 3 4 1.5 0.67 1.17 1.67 
Nice 10 7 5 13 6 6 4 5 4 1 1.67 1.17 0.83 2.17 
Toulouse 13 5 10 6 6 6 5 3 2 4 2.17 0.83 1.67 1.0 
Brest 8 6 9 12 6 6 4 5 2 3 1.33 1.0 1.5 2.0 
Lille 11 12 4 11 6 6 3 6 4 3 1.83 2.0 0.67 1.83 
Angers 7 3 4 11 6 6 5 3 6 4 1.17 0.5 0.67 1.83 
Paris FC 11 7 11 10 6 6 5 4 2 3 1.83 1.17 1.83 1.67 
Auxerre 4 3 6 13 6 6 2 5 4 3 0.67 0.5 1.0 2.17 
Lorient 13 1 13 13 6 6 6 5 2 4 2.17 0.17 2.17 2.17 
Metz 5 7 6 21 6 6 4 6 4 1 0.83 1.17 1.0 3.5 
Strasbourg 13 11 2 14 6 6 4 5 3 1 2.17 1.83 0.33 2.33 
Nantes 6 5 12 6 6 6 4 3 4 4 1.0 0.83 2.0 1.0 
Paris SG 9 15 3 8 5 7 3 5 4 4 1.8 2.14 0.6 1.14 
---------------------------------------------------------
Guingamp 12 10 13 11 8 6 6 4 3 2 1.5 1.67 1.62 1.83 
Le Mans 7 10 5 10 8 6 2 5 6 3 0.88 1.67 0.62 1.67 
Laval 4 6 9 6 6 7 3 5 4 6 0.67 0.86 1.5 0.86 
Saint-Etienne 18 13 9 12 6 8 6 6 1 3 3.0 1.62 1.5 1.5 
Montpellier 12 5 8 4 8 6 7 2 6 5 1.5 0.83 1.0 0.67 
Red Star 7 12 8 5 6 8 4 5 3 4 1.17 1.5 1.33 0.62 
Pau FC 9 11 8 13 7 7 7 6 4 2 1.29 1.57 1.14 1.86 
Annecy 9 7 6 10 6 8 5 4 3 5 1.5 0.88 1.0 1.25 
Rodez Aveyron 7 7 7 13 7 7 4 6 4 3 1.0 1.0 1.0 1.86 
Nancy 5 8 7 12 7 7 3 5 6 2 0.71 1.14 1.0 1.71 
Troyes 20 6 8 6 8 6 6 4 2 4 2.5 1.0 1.0 1.0 
Grenoble 6 10 6 11 7 7 4 5 5 3 0.86 1.43 0.86 1.57 
USL Dunkerque 17 8 11 6 8 6 7 4 3 2 2.12 1.33 1.38 1.0 
Clermont 7 6 7 10 7 7 5 3 4 4 1.0 0.86 1.0 1.43 
Amiens 6 12 9 13 7 7 3 6 4 2 0.86 1.71 1.29 1.86 
Reims 9 17 7 13 6 8 3 7 3 3 1.5 2.12 1.17 1.62 
Boulogne 7 6 16 6 7 7 5 3 2 6 1.0 0.86 2.29 0.86 
SC Bastia 6 0 10 7 6 7 4 2 3 7 1.0 0.0 1.67 1.0 
---------------------------------------------------------
Ujpest 8 10 12 10 7 6 6 5 2 3 1.14 1.67 1.71 1.67 
DVTK 8 8 9 17 6 7 5 6 2 2 1.33 1.14 1.5 2.43 
Zalaegerszegi 13 8 11 11 7 6 6 5 3 1 1.86 1.33 1.57 1.83 
Debrecen 10 10 9 9 6 7 5 5 2 3 1.67 1.43 1.5 1.29 
MTK Budapest 23 5 12 10 8 5 7 4 2 2 2.88 1.0 1.5 2.0 
Ferencvaros 13 14 9 4 6 6 6 6 0 3 2.17 2.33 1.5 0.67 
Nyiregyhaza 8 7 13 12 7 6 6 4 4 2 1.14 1.17 1.86 2.0 
Kisvarda 7 8 9 11 6 6 3 4 3 3 1.17 1.33 1.5 1.83 
Paks 17 14 11 9 6 7 6 6 1 2 2.83 2.0 1.83 1.29 
Gyor 5 19 4 10 5 7 3 7 4 3 1.0 2.71 0.8 1.43 
Puskas A. 7 11 9 9 6 7 5 6 3 3 1.17 1.57 1.5 1.29 
Kazincbarcika 8 4 10 15 6 6 5 5 2 1 1.33 0.67 1.67 2.5 
---------------------------------------------------------
Cork City 19 14 22 39 18 18 15 15 12 7 1.06 0.78 1.22 2.17 
Galway Utd 23 13 22 21 18 17 13 11 9 12 1.28 0.76 1.22 1.24 
Shelbourne 25 23 18 19 18 18 11 13 9 11 1.39 1.28 1.0 1.06 
Derry City 31 21 17 22 18 18 14 12 9 11 1.72 1.17 0.94 1.22 
St. Patricks 28 14 13 19 18 18 11 9 11 11 1.56 0.78 0.72 1.06 
Drogheda Utd 22 16 17 21 18 18 11 12 11 11 1.22 0.89 0.94 1.17 
Sligo Rovers 19 23 21 33 18 18 12 14 11 7 1.06 1.28 1.17 1.83 
Waterford 21 20 29 31 18 18 15 14 6 9 1.17 1.11 1.61 1.72 
Bohemians 27 21 18 21 18 18 11 12 10 9 1.5 1.17 1.0 1.17 
Shamrock Rovers 33 23 12 21 18 18 12 14 9 8 1.83 1.28 0.67 1.17 
Galway U 0 1 0 1 0 1 0 1 0 1 1.83 1.0 0.67 1.0 
---------------------------------------------------------
Puebla 11 10 19 23 8 9 7 7 3 2 1.38 1.11 2.38 2.56 
Atlas 15 9 15 20 8 9 7 8 2 5 1.88 1.0 1.88 2.22 
Juarez 16 11 13 15 9 8 8 7 4 3 1.78 1.38 1.44 1.88 
CF America 18 15 5 13 8 9 7 8 3 4 2.25 1.67 0.62 1.44 
Tijuana 19 10 6 17 9 8 7 7 5 4 2.11 1.25 0.67 2.12 
Queretaro 11 8 11 18 8 9 5 7 5 3 1.38 0.89 1.38 2.0 
Santos Laguna 14 8 10 18 9 8 5 6 5 2 1.56 1.0 1.11 2.25 
Pumas UNAM 10 14 9 16 8 9 5 9 5 4 1.25 1.56 1.12 1.78 
Toluca 27 16 12 6 9 8 9 5 2 4 3.0 2.0 1.33 0.75 
Necaxa 11 13 7 25 8 9 5 9 6 2 1.38 1.44 0.88 2.78 
Cruz Azul 19 13 11 9 9 8 7 7 3 4 2.11 1.62 1.22 1.12 
Mazatlan 15 5 16 13 9 8 9 4 2 5 1.67 0.62 1.78 1.62 
Pachuca 7 14 9 11 8 8 5 7 5 3 0.88 1.75 1.12 1.38 
Monterrey 18 15 9 20 8 9 7 7 3 3 2.25 1.67 1.12 2.22 
Club Leon 12 2 14 17 9 8 7 6 4 6 1.33 0.25 1.56 2.12 
A. San Luis 9 16 14 15 8 9 6 7 4 3 1.12 1.78 1.75 1.67 
Guadalajara 19 10 14 8 9 8 8 4 2 5 2.11 1.25 1.56 1.0 
Tigres 22 13 8 8 9 8 7 6 5 5 2.44 1.62 0.89 1.0 
Pachu 0 0 0 1 0 1 0 0 0 1 2.44 0.0 0.89 1.0 
---------------------------------------------------------
Queretaro 11 4 11 13 9 7 5 5 6 4 1.22 0.57 1.22 1.86 
CF America 22 12 5 5 9 8 8 4 3 5 2.44 1.5 0.56 0.62 
Mazatlan 11 5 11 15 9 8 8 5 6 4 1.22 0.62 1.22 1.88 
Juarez 11 5 12 9 9 8 6 5 5 6 1.22 0.62 1.33 1.12 
Tijuana 17 12 19 16 8 9 8 9 0 3 2.12 1.33 2.38 1.78 
Toluca 21 20 9 13 8 9 7 8 2 2 2.62 2.22 1.12 1.44 
A. San Luis 12 8 15 18 9 8 7 7 2 1 1.33 1.0 1.67 2.25 
Tigres 18 6 6 8 9 8 7 4 2 5 2.0 0.75 0.67 1.0 
Guadalajara 8 10 5 16 8 9 4 8 6 4 1.0 1.11 0.62 1.78 
Santos Laguna 8 7 17 19 8 9 8 6 3 4 1.0 0.78 2.12 2.11 
Cruz Azul 14 12 7 9 8 9 7 5 4 5 1.75 1.33 0.88 1.0 
Atlas 15 10 20 12 9 8 8 7 2 4 1.67 1.25 2.22 1.5 
Pumas UNAM 7 16 8 18 9 8 5 8 7 0 0.78 2.0 0.89 2.25 
Necaxa 18 18 16 13 8 9 8 7 1 2 2.25 2.0 2.0 1.44 
Monterrey 16 16 10 13 8 9 6 8 3 4 2.0 1.78 1.25 1.44 
Puebla 5 7 12 13 8 9 5 7 4 7 0.62 0.78 1.5 1.44 
Club Leon 11 13 9 12 8 9 5 9 4 2 1.38 1.44 1.12 1.33 
Pachuca 13 16 7 16 9 8 6 7 4 1 1.44 2.0 0.78 2.0 
Quereta 0 2 0 0 0 1 0 1 0 1 1.44 2.0 0.78 0.0 
---------------------------------------------------------
Fortuna Sittard 10 8 6 14 6 6 4 5 3 2 1.67 1.33 1.0 2.33 
Go Ahead Eagles 10 9 7 11 6 6 6 5 2 2 1.67 1.5 1.17 1.83 
NEC Nijmegen 18 11 9 11 6 6 6 5 1 2 3.0 1.83 1.5 1.83 
Excelsior 5 6 7 16 6 6 3 6 3 1 0.83 1.0 1.17 2.67 
Feyenoord 13 18 6 6 6 6 5 5 3 1 2.17 3.0 1.0 1.0 
NAC Breda 8 7 7 14 6 6 4 6 2 1 1.33 1.17 1.17 2.33 
Heerenveen 12 7 11 10 6 6 6 5 1 3 2.0 1.17 1.83 1.67 
FC Volendam 11 5 7 13 6 6 6 5 1 2 1.83 0.83 1.17 2.17 
PSV Eindhoven 19 21 10 7 6 6 6 6 1 1 3.17 3.5 1.67 1.17 
Sparta 7 7 14 10 6 6 4 4 2 3 1.17 1.17 2.33 1.67 
PEC Zwolle 4 10 10 17 6 6 4 6 4 1 0.67 1.67 1.67 2.83 
FC Twente 9 11 10 8 6 6 5 4 2 3 1.5 1.83 1.67 1.33 
Ajax Amsterdam 10 12 5 12 6 6 6 6 4 1 1.67 2.0 0.83 2.0 
Telstar 11 3 14 7 6 6 6 4 1 5 1.83 0.5 2.33 1.17 
AZ Alkmaar 16 9 13 5 6 6 6 4 0 3 2.67 1.5 2.17 0.83 
FC Groningen 9 8 5 12 6 6 5 5 4 2 1.5 1.33 0.83 2.0 
FC Utrecht 16 6 6 10 7 5 5 4 2 2 2.29 1.2 0.86 2.0 
Heracles Almelo 13 4 15 18 5 7 5 7 0 1 2.6 0.57 3.0 2.57 
---------------------------------------------------------
De Graafschap 13 11 12 16 7 7 6 6 3 2 1.86 1.57 1.71 2.29 
VVV 11 16 8 9 8 6 5 5 4 1 1.38 2.67 1.0 1.5 
FC Den Bosch 16 11 12 14 7 8 6 7 2 3 2.29 1.38 1.71 1.75 
Jong Ajax 11 9 13 16 8 7 5 6 3 3 1.38 1.29 1.62 2.29 
FC Dordrecht 7 9 7 5 7 8 5 4 5 5 1.0 1.12 1.0 0.62 
Cambuur 17 14 8 21 6 8 4 8 2 1 2.83 1.75 1.33 2.62 
FC Eindhoven 11 10 18 10 9 7 5 5 4 3 1.22 1.43 2.0 1.43 
Jong Utrecht 14 10 12 12 8 7 6 6 3 3 1.75 1.43 1.5 1.71 
TOP Oss 9 13 11 13 7 8 7 6 2 3 1.29 1.62 1.57 1.62 
MVV Maastricht 12 8 13 13 7 8 4 5 3 4 1.71 1.0 1.86 1.62 
Helmond Sport 15 7 12 12 8 7 7 7 2 4 1.88 1.0 1.5 1.71 
Roda JC 15 17 9 18 8 7 6 7 5 0 1.88 2.43 1.12 2.57 
ADO Den Haag 23 8 4 11 7 7 7 6 1 3 3.29 1.14 0.57 1.57 
Willem II 9 6 8 16 8 7 5 6 5 4 1.12 0.86 1.0 2.29 
Jong AZ 11 4 15 9 8 7 7 2 3 5 1.38 0.57 1.88 1.29 
RKC Waalwijk 14 12 15 12 8 7 8 6 3 2 1.75 1.71 1.88 1.71 
Jong PSV 11 14 8 18 7 8 5 8 2 2 1.57 1.75 1.14 2.25 
FC Emmen 17 14 12 15 7 8 6 9 2 2 2.43 1.75 1.71 1.88 
Almere City 19 15 10 12 7 7 7 7 1 1 2.71 2.14 1.43 1.71 
Vitesse ArnhemFri 22 AugAlmere City 0 1 Willem II 0 1 0 0 0 1 0 0 0 1 2.71 1.0 1.43 0.0 
De GraafschapSun 31 AugCambuur 3 1 VVV 0 2 0 2 0 1 0 1 0 0 2.71 2.0 1.43 2.0 
Vitesse Arnhem 9 7 11 10 6 7 6 4 1 4 1.5 1.0 1.83 1.43 
---------------------------------------------------------
Stromsgodset 14 21 29 31 14 14 14 12 4 2 1.0 1.5 2.07 2.21 
Rosenborg 21 18 12 29 14 14 10 13 10 4 1.5 1.29 0.86 2.07 
Fredrikstad 24 14 15 14 14 14 11 8 8 9 1.71 1.0 1.07 1.0 
Brann 28 24 18 23 14 14 11 14 4 3 2.0 1.71 1.29 1.64 
Valerenga 28 17 18 27 14 14 13 11 5 7 2.0 1.21 1.29 1.93 
Viking 38 33 14 21 14 14 11 12 3 3 2.71 2.36 1.0 1.5 
HamKam 22 14 22 22 14 14 12 12 4 7 1.57 1.0 1.57 1.57 
Kristiansund 18 15 21 32 14 14 11 11 6 6 1.29 1.07 1.5 2.29 
KFUM Oslo 25 16 20 17 14 14 12 11 5 9 1.79 1.14 1.43 1.21 
Sandefjord 29 18 12 28 14 14 11 12 5 4 2.07 1.29 0.86 2.0 
Molde 25 17 19 22 14 14 11 10 6 5 1.79 1.21 1.36 1.57 
Sarpsborg 08 23 21 26 24 14 14 12 12 5 4 1.64 1.5 1.86 1.71 
Tromso 23 23 13 22 14 14 9 10 6 7 1.64 1.64 0.93 1.57 
Haugesund 10 11 36 35 14 14 12 12 5 5 0.71 0.79 2.57 2.5 
Bryne 21 12 21 31 14 14 11 12 6 7 1.5 0.86 1.5 2.21 
Bodo/Glimt 45 33 11 16 14 14 13 12 4 4 3.21 2.36 0.79 1.14 
---------------------------------------------------------
Aalesund 34 22 11 24 15 15 13 11 6 6 2.27 1.47 0.73 1.6 
Lillestrom 40 47 8 10 15 15 12 14 4 4 2.67 3.13 0.53 0.67 
Egersund 25 26 24 14 15 15 13 11 8 8 1.67 1.73 1.6 0.93 
Mjondalen 18 18 37 34 15 15 14 12 6 4 1.2 1.2 2.47 2.27 
Kongsvinger 34 27 20 22 15 15 15 13 3 5 2.27 1.8 1.33 1.47 
Asane 19 19 22 31 15 15 13 14 7 6 1.27 1.27 1.47 2.07 
Odd 20 17 24 26 15 15 13 11 7 8 1.33 1.13 1.6 1.73 
Skeid 17 18 35 31 15 15 14 14 6 5 1.13 1.2 2.33 2.07 
Ranheim 24 21 24 24 15 14 13 12 4 5 1.6 1.5 1.6 1.71 
Lyn 18 30 19 18 15 15 10 13 7 5 1.2 2.0 1.27 1.2 
Stabaek 24 21 26 27 15 15 14 13 4 7 1.6 1.4 1.73 1.8 
Hodd 20 14 23 29 15 15 11 13 7 6 1.33 0.93 1.53 1.93 
Start 34 24 21 14 15 15 15 12 2 7 2.27 1.6 1.4 0.93 
Sogndal 22 27 25 23 15 15 11 15 6 4 1.47 1.8 1.67 1.53 
Raufoss 20 23 22 34 15 15 10 15 7 3 1.33 1.53 1.47 2.27 
Moss 29 12 28 37 15 15 15 14 4 5 1.93 0.8 1.87 2.47 
Ranhe 0 3 0 0 0 1 0 1 0 0 1.93 3.0 1.87 0.0 
---------------------------------------------------------
Jagiellonia 18 5 11 10 7 5 7 3 1 2 2.57 1.0 1.57 2.0 
Termalica 7 6 17 11 7 7 7 5 3 4 1.0 0.86 2.43 1.57 
Lech Poznan 13 7 15 10 8 5 8 5 1 1 1.62 1.4 1.88 2.0 
Cracovia Krakow 10 20 4 12 7 7 5 7 5 2 1.43 2.86 0.57 1.71 
Widzew Lodz 11 11 6 12 7 7 5 6 4 2 1.57 1.57 0.86 1.71 
Zaglebie Lubin 20 6 8 10 7 6 6 6 2 3 2.86 1.0 1.14 1.67 
Wisla Plock 11 7 3 10 7 5 5 4 6 1 1.57 1.4 0.43 2.0 
Korona Kielce 11 12 7 14 7 8 6 8 4 2 1.57 1.5 1.0 1.75 
Katowice 11 9 13 16 8 6 3 8 3 1 1.38 1.5 1.62 2.67 
Rakow C. 8 5 7 7 6 7 5 5 3 6 1.33 0.71 1.17 1.0 
Gornik Zabrze 15 13 8 14 7 7 5 7 2 1 2.14 1.86 1.14 2.0 
Lechia Gdansk 13 2 11 14 7 8 6 5 3 4 1.86 0.25 1.57 1.75 
Motor Lublin 10 6 9 9 7 7 5 4 4 6 1.43 0.86 1.29 1.29 
Arka Gdynia 10 8 4 13 6 8 4 6 2 3 1.67 1.0 0.67 1.62 
Radomiak Radom 18 5 7 9 8 6 7 4 3 3 2.25 0.83 0.88 1.5 
Pogon Szczecin 14 10 12 18 7 8 7 6 1 3 2.0 1.25 1.71 2.25 
Piast Gliwice 5 7 5 9 5 6 2 5 3 4 1.0 1.17 1.0 1.5 
Zaglebie LubinFri 25 JulArka Gdynia 1 1 Radomiak Radom 0 1 0 0 0 1 0 0 0 1 1.0 1.0 1.0 0.0 
Legia Warsaw 9 5 4 10 7 7 2 6 4 4 1.29 0.71 0.57 1.43 
Lech PoznanSat 9 AugWidzew Lodz 1 1 Wisla Plock 0 1 0 3 0 1 0 1 0 0 1.29 1.0 0.57 3.0 
Lech PoznanSat 23 AugGornik Zabrze 3 0 Katowice 0 0 0 1 0 1 0 0 0 1 1.29 0.0 0.57 1.0 
JagielloniaMon 25 AugWisla Plock 2 1 Zaglebie Lubin 0 2 0 2 0 1 0 1 0 0 1.29 2.0 0.57 2.0 
Cracovia KrakowSat 13 SepPiast Gliwice 1 1 Jagiellonia 0 3 0 0 0 1 0 1 0 0 1.29 3.0 0.57 0.0 
---------------------------------------------------------
Ilves 34 34 23 22 16 16 14 14 3 5 2.12 2.12 1.44 1.38 
HJK Helsinki 41 33 29 23 16 16 14 14 4 4 2.56 2.06 1.81 1.44 
Inter Turku 32 28 15 18 16 16 14 12 6 7 2.0 1.75 0.94 1.12 
KuPS 36 26 21 13 16 16 13 13 5 9 2.25 1.62 1.31 0.81 
KTP 13 18 26 35 13 14 10 14 5 1 1.0 1.29 2.0 2.5 
SJK 33 37 18 33 16 16 12 15 5 2 2.06 2.31 1.12 2.06 
Mariehamn 19 15 26 27 14 13 12 10 6 7 1.36 1.15 1.86 2.08 
Jaro 16 19 27 17 14 13 12 9 4 5 1.14 1.46 1.93 1.31 
VPS 16 21 19 23 14 13 10 12 8 3 1.14 1.62 1.36 1.77 
Oulu 17 18 28 25 13 14 11 10 4 5 1.31 1.29 2.15 1.79 
Haka 14 16 25 25 13 14 9 12 4 6 1.08 1.14 1.92 1.79 
Gnistan 23 24 32 30 16 15 15 12 5 5 1.44 1.6 2.0 2.0 
Gnist 0 0 0 3 0 1 0 1 0 0 1.44 0.0 2.0 3.0 
---------------------------------------------------------
JIPPO 22 15 16 15 13 14 11 11 5 11 1.69 1.07 1.23 1.07 
SalPa 8 14 18 34 13 14 7 12 7 4 0.62 1.0 1.38 2.43 
SJK Akatemia 25 21 21 28 13 14 12 12 4 2 1.92 1.5 1.62 2.0 
TPS 35 31 22 23 14 13 12 13 2 3 2.5 2.38 1.57 1.77 
Ekenas IF 31 17 23 20 14 13 13 10 5 5 2.21 1.31 1.64 1.54 
KaPa 21 20 30 38 13 14 13 12 2 4 1.62 1.43 2.31 2.71 
Klubi-04 24 25 26 19 14 13 12 12 6 3 1.71 1.92 1.86 1.46 
JaPS 19 22 22 28 13 14 12 12 7 6 1.46 1.57 1.69 2.0 
PK-35 19 20 15 15 14 13 11 12 7 6 1.36 1.54 1.07 1.15 
Lahti 31 20 15 12 14 12 11 9 4 5 2.21 1.67 1.07 1.0 
Lah 0 3 0 3 0 1 0 1 0 0 2.21 3.0 1.07 3.0 
---------------------------------------------------------
Levadia 43 46 17 19 18 18 17 15 2 4 2.39 2.56 0.94 1.06 
Harju JK 27 22 28 42 18 18 15 17 5 3 1.5 1.22 1.56 2.33 
Vaprus 25 29 29 22 18 18 13 14 5 7 1.39 1.61 1.61 1.22 
Nomme Kalju 40 29 17 20 18 18 16 13 7 8 2.22 1.61 0.94 1.11 
Flora 45 36 16 15 18 17 14 16 5 3 2.5 2.12 0.89 0.88 
Narva Trans 30 23 26 26 18 18 14 14 8 7 1.67 1.28 1.44 1.44 
Kuressaare 18 14 29 38 18 18 15 15 7 9 1.0 0.78 1.61 2.11 
Paide 39 24 14 18 18 18 15 13 8 9 2.17 1.33 0.78 1.0 
Tallinna Kalev 19 13 52 61 18 18 16 16 4 5 1.06 0.72 2.89 3.39 
Tammeka 27 20 31 52 18 18 14 17 6 2 1.5 1.11 1.72 2.89 
Flo 0 3 0 0 0 1 0 1 0 0 1.5 3.0 1.72 0.0 
---------------------------------------------------------
Pohang Steelers 21 19 22 21 17 16 11 12 8 10 1.24 1.19 1.29 1.31 
Daejeon Citizen 20 28 18 23 16 17 11 15 9 6 1.25 1.65 1.12 1.35 
Jeju Utd 20 15 21 26 16 17 11 12 9 9 1.25 0.88 1.31 1.53 
Seoul 27 16 23 19 17 16 14 8 6 12 1.59 1.0 1.35 1.19 
Gwangju 18 16 20 18 16 16 10 9 9 9 1.12 1.0 1.25 1.12 
Suwon City 25 23 21 32 16 17 13 13 6 8 1.56 1.35 1.31 1.88 
Ulsan 21 18 18 25 16 17 10 14 9 11 1.31 1.06 1.12 1.47 
Anyang 26 16 20 21 17 16 13 12 8 7 1.53 1.0 1.18 1.31 
Daegu 21 20 24 38 16 17 12 16 7 2 1.31 1.18 1.5 2.24 
Gangwon 17 15 20 16 17 16 10 9 9 10 1.0 0.94 1.18 1.0 
Jeonbuk 31 26 16 11 17 16 15 11 8 9 1.82 1.62 0.94 0.69 
Gimcheon Sangmu 28 25 14 23 17 16 12 12 11 5 1.65 1.56 0.82 1.44 
Gwang 0 0 0 2 0 1 0 1 0 1 1.65 0.0 0.82 2.0 
---------------------------------------------------------
Cianorte 14 0 6 0 7 0 4 1 3 0 2.0 0.0 0.86 2.0 
Operario MS- 0 1 0 4 0 3 0 2 0 3 2.0 0.33 0.86 1.33 
Lagarto 13 0 6 0 7 0 4 2 2 0 1.86 0.33 0.86 1.33 
Uniao C.+ 0 4 0 8 0 3 0 3 0 0 1.86 1.33 0.86 2.67 
Monte Azul 7 0 9 0 7 0 3 1 4 0 1.0 1.33 1.29 2.67 
Itabirito- 0 3 0 2 0 4 0 2 0 4 1.0 0.75 1.29 0.5 
Joinville 8 0 5 0 7 0 3 1 5 0 1.14 0.75 0.71 0.5 
Guarany de Bage- 0 2 0 3 0 6 0 1 0 6 1.14 0.33 0.71 0.5 
Porto Vitória 9 0 5 0 7 0 4 1 5 0 1.29 0.33 0.71 0.5 
Nova Iguacu- 0 4 0 5 0 6 0 3 0 6 1.29 0.67 0.71 0.83 
Santa C. Natal 5 0 6 0 7 0 3 0 5 0 0.71 0.67 0.86 0.83 
Sousa- 0 1 0 7 0 6 0 3 0 6 0.71 0.17 0.86 1.17 
Boavista 8 0 9 0 7 0 5 0 4 0 1.14 0.17 1.29 1.17 
Portuguesa+ 0 6 0 5 0 3 0 3 0 0 1.14 2.0 1.29 1.67 
Marica 7 0 4 0 7 0 2 1 6 0 1.0 2.0 0.57 1.67 
Rio Branco ES- 0 3 0 3 0 5 0 2 0 5 1.0 0.6 0.57 0.6 
Goiania 6 0 11 0 7 0 3 2 4 0 0.86 0.6 1.57 0.6 
Luverdense- 0 3 0 4 0 6 0 2 0 6 0.86 0.5 1.57 0.67 
Manauara 16 0 3 0 7 0 6 0 3 0 2.29 0.5 0.43 0.67 
Independencia- 0 1 0 2 0 2 0 1 0 2 2.29 0.5 0.43 1.0 
Maranhao 13 0 6 0 7 0 5 2 4 0 1.86 0.5 0.86 1.0 
Altos- 0 4 0 2 0 4 0 2 0 4 1.86 1.0 0.86 0.5 
Sao Luiz 7 0 7 0 7 0 4 0 4 0 1.0 1.0 1.0 0.5 
Azuriz+ 0 2 0 5 0 2 0 2 0 0 1.0 1.0 1.0 2.5 
Tocantinopolis 6 0 6 0 7 0 4 0 5 0 0.86 1.0 0.86 2.5 
Maracana+ 0 5 0 10 0 4 0 4 0 0 0.86 1.25 0.86 2.5 
Horizonte 11 0 5 0 7 0 4 1 5 0 1.57 1.25 0.71 2.5 
America RN- 0 0 0 2 0 3 0 0 0 3 1.57 0.0 0.71 0.67 
Iguatu 10 0 5 0 7 0 1 2 4 0 1.43 0.0 0.71 0.67 
Sampaio Correa- 0 3 0 5 0 6 0 3 0 6 1.43 0.5 0.71 0.83 
Uberlandia 12 0 9 0 7 0 6 1 3 0 1.71 0.5 1.29 0.83 
Cascavel- 0 3 0 3 0 6 0 2 0 6 1.71 0.5 1.29 0.5 
Marcilio Dias 8 0 3 0 7 0 2 1 5 0 1.14 0.5 0.43 0.5 
EC Sao Jose- 0 3 0 2 0 4 0 2 0 4 1.14 0.75 0.43 0.5 
Agua Santa 10 0 8 0 7 0 4 2 3 0 1.43 0.75 1.14 0.5 
Pouso Alegre+ 0 5 0 12 0 5 0 5 0 0 1.43 1.0 1.14 2.4 
Capital 9 0 5 0 7 0 5 0 5 0 1.29 1.0 0.71 2.4 
Aparecidense- 0 1 0 0 0 2 0 0 0 2 1.29 0.5 0.71 0.0 
Brasil de P. 8 0 6 0 7 0 2 1 4 0 1.14 0.5 0.86 0.0 
Barra FC- 0 5 0 2 0 5 0 2 0 5 1.14 1.0 0.86 0.4 
Humaita 9 0 21 0 7 0 5 2 0 0 1.29 1.0 3.0 0.4 
Tuna Luso+ 0 5 0 7 0 4 0 4 0 0 1.29 1.25 3.0 1.75 
Goianesia 6 0 13 0 7 0 5 1 3 0 0.86 1.25 1.86 1.75 
Ceilandia+ 0 8 0 7 0 4 0 4 0 0 0.86 2.0 1.86 1.75 
Goiatuba EC 8 0 6 0 7 0 5 0 5 0 1.14 2.0 0.86 1.75 
Inter Limeira+ 0 6 0 1 0 2 0 2 0 0 1.14 3.0 0.86 0.5 
Central SC 8 0 6 0 7 0 2 2 4 0 1.14 3.0 0.86 0.5 
Ferroviario+ 0 6 0 13 0 5 0 5 0 0 1.14 1.2 0.86 2.6 
Jequie 7 0 4 0 7 0 1 1 5 0 1.0 1.2 0.57 2.6 
Sergipe- 0 2 0 3 0 5 0 1 0 5 1.0 0.4 0.57 0.6 
Juazeirense 7 0 6 0 7 0 4 0 4 0 1.0 0.4 0.86 0.6 
ASA+ 0 9 0 1 0 3 0 3 0 0 1.0 3.0 0.86 0.33 
Parnahyba 10 0 8 0 7 0 3 2 4 0 1.43 3.0 1.14 0.33 
Imperatriz- 0 1 0 2 0 3 0 1 0 3 1.43 0.33 1.14 0.67 
Penedense 3 0 8 0 7 0 2 0 6 0 0.43 0.33 1.14 0.67 
Barcelona BA- 0 1 0 3 0 4 0 2 0 4 0.43 0.25 1.14 0.75 
Trem 12 0 12 0 7 0 7 0 1 0 1.71 0.25 1.71 0.75 
Manaus- 0 2 0 3 0 3 0 2 0 3 1.71 0.67 1.71 1.0 
Treze 4 0 10 0 7 0 3 1 4 0 0.57 0.67 1.43 1.0 
Santa Cruz- 0 2 0 2 0 5 0 1 0 5 0.57 0.4 1.43 0.4 
Aguia de Maraba 12 0 5 0 7 0 4 0 5 0 1.71 0.4 0.71 0.4 
GAS- 0 0 0 1 0 1 0 0 0 1 1.71 0.0 0.71 1.0 
Mixto 12 0 7 0 7 0 2 2 4 0 1.71 0.0 1.0 1.0 
Porto Velho+ 0 3 0 17 0 4 0 4 0 0 1.71 0.75 1.0 4.25 
Barcelona BA 7 0 6 0 7 0 2 0 5 0 1.0 0.75 0.86 4.25 
Lagarto+ 0 6 0 8 0 4 0 4 0 0 1.0 1.5 0.86 2.0 
Rio Branco ES 13 0 3 0 7 0 5 0 4 0 1.86 1.5 0.43 2.0 
Boavista- 0 0 0 9 0 5 0 4 0 5 1.86 0.0 0.43 1.8 
Altos 10 0 7 0 7 0 5 0 5 0 1.43 0.0 1.0 1.8 
Tocantinopolis- 0 2 0 5 0 5 0 2 0 5 1.43 0.4 1.0 1.0 
Aparecidense 20 0 4 0 7 0 4 2 2 0 2.86 0.4 0.57 1.0 
Mixto- 0 1 0 1 0 3 0 1 0 3 2.86 0.33 0.57 0.33 
Maracana 7 0 9 0 7 0 4 0 4 0 1.0 0.33 1.29 0.33 
Maranhao- 0 3 0 4 0 6 0 2 0 6 1.0 0.5 1.29 0.67 
Nova Iguacu 8 0 9 0 7 0 4 2 3 0 1.14 0.5 1.29 0.67 
Agua Santa+ 0 7 0 8 0 4 0 4 0 0 1.14 1.75 1.29 2.0 
Sampaio Correa 12 0 4 0 7 0 6 0 5 0 1.71 1.75 0.57 2.0 
Parnahyba- 0 1 0 2 0 3 0 1 0 3 1.71 0.33 0.57 0.67 
America RN 14 0 2 0 7 0 5 0 4 0 2.0 0.33 0.29 0.67 
Treze+ 0 0 0 7 0 2 0 2 0 0 2.0 0.0 0.29 3.5 
Ceilandia 12 0 4 0 7 0 4 0 4 0 1.71 0.0 0.57 3.5 
Goiania- 0 0 0 2 0 3 0 0 0 3 1.71 0.0 0.57 0.67 
Luverdense 10 0 4 0 7 0 2 1 4 0 1.43 0.0 0.57 0.67 
Goianesia- 0 2 0 4 0 5 0 2 0 5 1.43 0.4 0.57 0.8 
Manaus 13 0 7 0 7 0 4 1 3 0 1.86 0.4 1.0 0.8 
Humaita+ 0 2 0 22 0 5 0 5 0 0 1.86 0.4 1.0 4.4 
ASA 17 0 6 0 7 0 5 0 2 0 2.43 0.4 0.86 4.4 
Jequie+ 0 8 0 10 0 4 0 4 0 0 2.43 2.0 0.86 2.5 
Cascavel 12 0 9 0 7 0 6 1 3 0 1.71 2.0 1.29 2.5 
Goiatuba EC+ 0 11 0 10 0 5 0 5 0 0 1.71 2.2 1.29 2.0 
Ferroviario 9 0 3 0 7 0 3 0 5 0 1.29 2.2 0.43 2.0 
Santa C. Natal+ 0 7 0 12 0 5 0 5 0 0 1.29 1.4 0.43 2.4 
Inter Limeira 13 0 4 0 7 0 3 1 5 0 1.86 1.4 0.57 2.4 
Uberlandia- 0 2 0 3 0 3 0 2 0 3 1.86 0.67 0.57 1.0 
Porto Velho 5 0 9 0 7 0 4 0 4 0 0.71 0.67 1.29 1.0 
Capital- 0 3 0 3 0 5 0 1 0 5 0.71 0.6 1.29 0.6 
Portuguesa 14 0 5 0 7 0 5 1 1 0 2.0 0.6 0.71 0.6 
Marica+ 0 5 0 8 0 4 0 4 0 0 2.0 1.25 0.71 2.0 
Pouso Alegre 8 0 4 0 7 0 5 0 7 0 1.14 1.25 0.57 2.0 
Porto Vitória- 0 3 0 4 0 5 0 3 0 5 1.14 0.6 0.57 0.8 
Uniao C. 9 0 5 0 7 0 3 1 5 0 1.29 0.6 0.71 0.8 
Penedense- 0 2 0 5 0 6 0 2 0 6 1.29 0.33 0.71 0.83 
Azuriz 3 0 5 0 7 0 1 1 6 0 0.43 0.33 0.71 0.83 
Brasil de P.- 0 1 0 5 0 6 0 0 0 6 0.43 0.17 0.71 0.83 
Barra FC 11 0 3 0 7 0 3 1 4 0 1.57 0.17 0.43 0.83 
Sao Luiz+ 0 2 0 13 0 5 0 5 0 0 1.57 0.4 0.43 2.6 
GAS 7 0 9 0 7 0 5 1 3 0 1.0 0.4 1.29 2.6 
Manauara+ 0 9 0 7 0 5 0 5 0 0 1.0 1.8 1.29 1.4 
Itabirito 6 0 10 0 7 0 3 2 4 0 0.86 1.8 1.43 1.4 
Cianorte+ 0 4 0 7 0 3 0 3 0 0 0.86 1.33 1.43 2.33 
Operario MS 5 0 7 0 7 0 5 0 6 0 0.71 1.33 1.0 2.33 
Monte Azul- 0 4 0 8 0 6 0 6 0 6 0.71 0.67 1.0 1.33 
Imperatriz 11 0 4 0 7 0 3 0 4 0 1.57 0.67 0.57 1.33 
Iguatu+ 0 2 0 4 0 2 0 2 0 0 1.57 1.0 0.57 2.0 
Tuna Luso 19 0 3 0 7 0 5 2 2 0 2.71 1.0 0.43 2.0 
Trem+ 0 8 0 8 0 3 0 3 0 0 2.71 2.67 0.43 2.67 
Guarany de Bage 9 0 8 0 7 0 3 1 4 0 1.29 2.67 1.14 2.67 
Marcilio Dias+ 0 6 0 9 0 4 0 4 0 0 1.29 1.5 1.14 2.25 
Sousa 9 0 5 0 7 0 3 0 4 0 1.29 1.5 0.71 2.25 
Central SC- 0 4 0 1 0 6 0 2 0 6 1.29 0.67 0.71 0.17 
Independencia 9 0 7 0 7 0 3 1 4 0 1.29 0.67 1.0 0.17 
Aguia de Maraba- 0 3 0 3 0 4 0 3 0 4 1.29 0.75 1.0 0.75 
Santa Cruz 15 0 4 0 7 0 6 0 3 0 2.14 0.75 0.57 0.75 
Horizonte+ 0 1 0 7 0 2 0 2 0 0 2.14 0.5 0.57 3.5 
Sergipe 9 0 5 0 7 0 4 0 4 0 1.29 0.5 0.71 3.5 
Juazeirense- 0 1 0 1 0 4 0 0 0 4 1.29 0.25 0.71 0.25 
EC Sao Jose 10 0 6 0 7 0 4 0 5 0 1.43 0.25 0.86 0.25 
Joinville- 0 2 0 4 0 6 0 1 0 6 1.43 0.33 0.86 0.67 
Cascavel+ 0 0 0 3 0 1 0 1 0 0 1.43 0.0 0.86 3.0 
Sergipe+ 0 5 0 2 0 2 0 2 0 0 1.43 2.5 0.86 1.0 
Pouso Alegre- 0 0 0 2 0 2 0 0 0 2 1.43 0.0 0.86 1.0 
Porto Velho- 0 1 0 4 0 3 0 2 0 3 1.43 0.33 0.86 1.33 
Azuriz- 0 1 0 4 0 5 0 0 0 5 1.43 0.2 0.86 0.8 
Imperatriz+ 0 5 0 9 0 4 0 4 0 0 1.43 1.25 0.86 2.25 
Operario MS+ 0 7 0 11 0 4 0 4 0 0 1.43 1.75 0.86 2.75 
Trem- 0 3 0 4 0 4 0 3 0 4 1.43 0.75 0.86 1.0 
EC Sao Jose+ 0 8 0 3 0 3 0 3 0 0 1.43 2.67 0.86 1.0 
America RN+ 0 7 0 5 0 4 0 4 0 0 1.43 1.75 0.86 1.25 
Aparecidense+ 0 11 0 8 0 5 0 5 0 0 1.43 2.2 0.86 1.6 
Uniao C.- 0 1 0 3 0 4 0 1 0 4 1.43 0.25 0.86 0.75 
Iguatu- 0 3 0 6 0 5 0 4 0 5 1.43 0.6 0.86 1.2 
Horizonte- 0 2 0 5 0 5 0 2 0 5 1.43 0.4 0.86 1.0 
Independencia+ 0 8 0 10 0 5 0 5 0 0 1.43 1.6 0.86 2.0 
Cianorte- 0 4 0 4 0 4 0 4 0 4 1.43 1.0 0.86 1.0 
Inter Limeira- 0 2 0 2 0 5 0 1 0 5 1.43 0.4 0.86 0.4 
Maracana- 0 0 0 3 0 3 0 1 0 3 1.43 0.0 0.86 1.0 
Tocantinopolis+ 0 3 0 6 0 2 0 2 0 0 1.43 1.5 0.86 3.0 
Treze- 0 3 0 3 0 5 0 1 0 5 1.43 0.6 0.86 0.6 
Parnahyba+ 0 5 0 12 0 4 0 4 0 0 1.43 1.25 0.86 3.0 
Lagarto- 0 1 0 2 0 3 0 0 0 3 1.43 0.33 0.86 0.67 
Agua Santa- 0 3 0 2 0 3 0 2 0 3 1.43 1.0 0.86 0.67 
Rio Branco ES+ 0 3 0 3 0 2 0 2 0 0 1.43 1.5 0.86 1.5 
Barcelona BA+ 0 1 0 11 0 3 0 3 0 0 1.43 0.33 0.86 3.67 
GAS+ 0 10 0 14 0 6 0 6 0 0 1.43 1.67 0.86 2.33 
Manaus+ 0 6 0 7 0 4 0 4 0 0 1.43 1.5 0.86 1.75 
Juazeirense+ 0 4 0 8 0 3 0 3 0 0 1.43 1.33 0.86 2.67 
ASA- 0 1 0 1 0 4 0 0 0 4 1.43 0.25 0.86 0.25 
Goiania+ 0 6 0 9 0 4 0 4 0 0 1.43 1.5 0.86 2.25 
Barra FC+ 0 4 0 5 0 2 0 2 0 0 1.43 2.0 0.86 2.5 
Boavista+ 0 1 0 5 0 2 0 2 0 0 1.43 0.5 0.86 2.5 
Manauara- 0 2 0 1 0 2 0 1 0 2 1.43 1.0 0.86 0.5 
Tuna Luso- 0 0 0 0 0 3 0 0 0 3 1.43 0.0 0.86 0.0 
Ceilandia- 0 3 0 3 0 3 0 3 0 3 1.43 1.0 0.86 1.0 
Altos+ 0 8 0 5 0 3 0 3 0 0 1.43 2.67 0.86 1.67 
Jequie- 0 0 0 2 0 3 0 0 0 3 1.43 0.0 0.86 0.67 
Santa Cruz+ 0 3 0 4 0 2 0 2 0 0 1.43 1.5 0.86 2.0 
Sousa+ 0 1 0 2 0 1 0 1 0 0 1.43 1.0 0.86 2.0 
Ferroviario- 0 0 0 3 0 2 0 1 0 2 1.43 0.0 0.86 1.5 
Uberlandia+ 0 7 0 8 0 4 0 4 0 0 1.43 1.75 0.86 2.0 
Porto Vitória+ 0 2 0 4 0 2 0 2 0 0 1.43 1.0 0.86 2.0 
Mixto+ 0 9 0 5 0 4 0 4 0 0 1.43 2.25 0.86 1.25 
Itabirito+ 0 2 0 10 0 3 0 3 0 0 1.43 0.67 0.86 3.33 
Portuguesa- 0 2 0 3 0 4 0 2 0 4 1.43 0.5 0.86 0.75 
Luverdense+ 0 1 0 4 0 1 0 1 0 0 1.43 1.0 0.86 4.0 
Central SC+ 0 3 0 0 0 1 0 1 0 0 1.43 3.0 0.86 0.0 
Goianesia+ 0 3 0 5 0 2 0 2 0 0 1.43 1.5 0.86 2.5 
Marica- 0 2 0 2 0 3 0 2 0 3 1.43 0.67 0.86 0.67 
Aguia de Maraba+ 0 7 0 6 0 3 0 3 0 0 1.43 2.33 0.86 2.0 
Brasil de P.+ 0 2 0 1 0 1 0 1 0 0 1.43 2.0 0.86 1.0 
Maranhao+ 0 2 0 2 0 1 0 1 0 0 1.43 2.0 0.86 2.0 
Guarany de Bage+ 0 0 0 3 0 1 0 1 0 0 1.43 0.0 0.86 3.0 
Capital+ 0 2 0 4 0 2 0 2 0 0 1.43 1.0 0.86 2.0 
Marcilio Dias- 0 3 0 3 0 3 0 3 0 3 1.43 1.0 0.86 1.0 
Sao Luiz- 0 1 0 0 0 2 0 0 0 2 1.43 0.5 0.86 0.0 
Santa C. Natal- 0 1 0 2 0 2 0 1 0 2 1.43 0.5 0.86 1.0 
Penedense+ 0 0 0 4 0 1 0 1 0 0 1.43 0.0 0.86 4.0 
Goiatuba EC- 0 2 0 0 0 2 0 0 0 2 1.43 1.0 0.86 0.0 
Humaita- 0 1 0 0 0 1 0 0 0 1 1.43 1.0 0.86 0.0 
Nova Iguacu+ 0 1 0 2 0 1 0 1 0 0 1.43 1.0 0.86 2.0 
Sampaio Correa+ 0 2 0 2 0 1 0 1 0 0 1.43 2.0 0.86 2.0 
Monte Azul+ 0 2 0 1 0 1 0 1 0 0 1.43 2.0 0.86 1.0 
Joinville+ 0 1 0 2 0 1 0 1 0 0 1.43 1.0 0.86 2.0 
Humai 0 0 0 2 0 1 0 1 0 1 1.43 0.0 0.86 2.0 
---------------------------------------------------------
Gamba Osaka 29 20 25 28 18 18 13 11 8 11 1.61 1.11 1.39 1.56 
Cerezo Osaka 26 32 18 33 18 18 15 16 11 4 1.44 1.78 1.0 1.83 
Avispa Fukuoka 19 14 19 18 18 18 9 8 11 13 1.06 0.78 1.06 1.0 
Kashiwa Reysol 26 30 15 18 18 18 11 15 12 11 1.44 1.67 0.83 1.0 
Fagiano Okayama 17 15 15 26 18 18 9 12 12 12 0.94 0.83 0.83 1.44 
Kyoto Sanga 27 32 17 23 18 18 14 16 11 6 1.5 1.78 0.94 1.28 
Vissel Kobe 24 22 12 19 18 18 9 11 11 10 1.33 1.22 0.67 1.06 
Urawa RD 24 16 12 27 18 18 9 13 11 10 1.33 0.89 0.67 1.5 
Yokohama FC 13 11 19 24 18 18 9 11 14 11 0.72 0.61 1.06 1.33 
FC Tokyo 22 18 25 22 18 18 12 11 8 12 1.22 1.0 1.39 1.22 
Yokohama M. 22 20 20 24 18 18 14 10 9 10 1.22 1.11 1.11 1.33 
Albirex Niigata 19 15 28 35 18 18 13 12 9 9 1.06 0.83 1.56 1.94 
K. Frontale 40 26 30 21 18 18 15 15 6 8 2.22 1.44 1.67 1.17 
Nagoya G. 26 16 25 28 18 18 16 14 6 8 1.44 0.89 1.39 1.56 
Shonan Bellmare 25 9 27 34 18 18 12 13 9 10 1.39 0.5 1.5 1.89 
Kashima Antlers 32 23 15 15 18 18 13 10 9 10 1.78 1.28 0.83 0.83 
Machida Zelvia 23 26 17 19 18 18 12 11 9 9 1.28 1.44 0.94 1.06 
S. Hiroshima 19 23 13 13 18 18 9 11 11 11 1.06 1.28 0.72 0.72 
Tokyo Verdy 15 7 17 19 18 18 7 6 13 13 0.83 0.39 0.94 1.06 
Shimizu S-Pulse 23 17 23 25 18 18 15 10 10 12 1.28 0.94 1.28 1.39 
---------------------------------------------------------
Fujieda MYFC 23 17 25 23 18 18 15 11 10 11 1.28 0.94 1.39 1.28 
Tokushima V. 20 22 13 9 18 18 8 11 15 15 1.11 1.22 0.72 0.5 
Iwaki 30 24 20 24 18 18 15 13 9 11 1.67 1.33 1.11 1.33 
JEF Utd Chiba 30 20 20 14 18 18 13 7 9 13 1.67 1.11 1.11 0.78 
Jubilo Iwata 28 27 22 26 18 18 11 13 10 7 1.56 1.5 1.22 1.44 
Mito Hollyhock 28 24 16 16 18 18 13 12 9 10 1.56 1.33 0.89 0.89 
Omiya Ardija 29 28 17 17 18 18 12 11 8 9 1.61 1.56 0.94 0.94 
M. Yamagata 28 26 26 25 18 18 13 13 6 6 1.56 1.44 1.44 1.39 
Sagan Tosu 24 21 19 22 18 18 10 11 9 11 1.33 1.17 1.06 1.22 
Vegalta Sendai 24 23 17 18 18 18 13 10 12 10 1.33 1.28 0.94 1.0 
Ventforet Kofu 18 19 22 22 18 18 11 10 12 10 1.0 1.06 1.22 1.22 
R. Yamaguchi 19 14 20 25 18 18 11 11 10 11 1.06 0.78 1.11 1.39 
V-V. Nagasaki 31 0 18 0 18 0 12 0 11 0 1.72 0.78 1.0 1.39 
R. Kumamoto 19 21 24 32 18 18 12 13 8 10 1.06 1.17 1.33 1.78 
Ehime FC 13 21 35 32 18 18 13 15 9 9 0.72 1.17 1.94 1.78 
Kataller Toyama 17 12 23 25 18 18 12 10 11 11 0.94 0.67 1.28 1.39 
FC Imabari 22 23 24 16 18 18 11 9 11 10 1.22 1.28 1.33 0.89 
Blaublitz Akita 19 23 24 31 18 18 12 15 9 8 1.06 1.28 1.33 1.72 
Oita Trinita 14 13 15 26 18 18 9 13 12 12 0.78 0.72 0.83 1.44 
C. Sapporo 23 23 30 32 18 18 12 16 7 7 1.28 1.28 1.67 1.78 
Nagasaki 0 29 0 24 0 18 0 16 0 6 1.28 1.61 1.67 1.33 
---------------------------------------------------------
Kusatsu 18 31 20 37 18 18 12 16 13 5 1.0 1.72 1.11 2.06 
FC Ryukyu 21 18 21 34 18 18 12 14 11 9 1.17 1.0 1.17 1.89 
Tochigi City 32 29 16 21 18 18 12 13 7 9 1.78 1.61 0.89 1.17 
SC Sagamihara 19 18 17 26 18 18 9 15 13 11 1.06 1.0 0.94 1.44 
AC Numazu 21 18 21 32 18 18 10 13 10 9 1.17 1.0 1.17 1.78 
Gainare Tottori 29 12 18 28 18 18 13 10 9 11 1.61 0.67 1.0 1.56 
Nara Club 31 16 16 27 18 18 14 15 9 11 1.72 0.89 0.89 1.5 
Fukushima Utd 34 21 34 31 18 18 13 13 6 7 1.89 1.17 1.89 1.72 
Osaka 32 19 14 17 18 18 11 12 10 10 1.78 1.06 0.78 0.94 
Gifu 23 26 25 30 18 18 14 14 10 8 1.28 1.44 1.39 1.67 
T. Miyazaki 29 29 23 19 18 18 13 12 8 9 1.61 1.61 1.28 1.06 
Nagano Parceiro 18 11 20 30 18 18 12 10 12 11 1.0 0.61 1.11 1.67 
Tochigi SC 22 14 16 19 18 18 9 8 12 13 1.22 0.78 0.89 1.06 
Kochi United 15 25 26 32 18 18 10 14 11 6 0.83 1.39 1.44 1.78 
Kagoshima Utd 43 23 19 20 18 18 15 15 6 10 2.39 1.28 1.06 1.11 
Kamatamare S. 20 19 27 30 18 18 13 13 10 11 1.11 1.06 1.5 1.67 
G. Kitakyushu 17 26 17 21 18 18 11 11 13 9 0.94 1.44 0.94 1.17 
Matsumoto Y. 21 16 22 21 18 18 14 10 10 12 1.17 0.89 1.22 1.17 
V. Hachinohe 30 15 12 9 18 18 12 5 12 16 1.67 0.83 0.67 0.5 
Z. Kanazawa 29 19 21 20 18 18 14 12 6 11 1.61 1.06 1.17 1.11 
---------------------------------------------------------
Breidablik 21 16 18 17 11 11 9 10 5 5 1.91 1.45 1.64 1.55 
Afturelding 20 9 15 24 11 11 9 9 5 4 1.82 0.82 1.36 2.18 
Valur 32 21 13 22 11 11 11 11 2 2 2.91 1.91 1.18 2.0 
Vestri 13 10 10 18 11 11 7 9 9 7 1.18 0.91 0.91 1.64 
KA Akureyri 18 11 14 25 11 11 8 9 7 3 1.64 1.0 1.27 2.27 
KR Reykjavik 24 18 23 28 11 11 11 9 1 3 2.18 1.64 2.09 2.55 
Fram 18 14 10 21 11 11 8 10 6 5 1.64 1.27 0.91 1.91 
IA Akranes 13 13 16 27 11 11 8 10 4 4 1.18 1.18 1.45 2.45 
Vikingur R. 28 19 16 11 11 11 11 7 1 6 2.55 1.73 1.45 1.0 
IBV 15 8 10 17 11 10 8 8 6 6 1.36 0.8 0.91 1.7 
Stjarnan 27 16 19 16 11 11 11 10 1 4 2.45 1.45 1.73 1.45 
Hafnarfjordur 23 18 10 25 11 11 10 10 5 2 2.09 1.64 0.91 2.27 
I 0 1 0 1 0 1 0 1 0 1 2.09 1.0 0.91 1.0 
---------------------------------------------------------
Selfoss 16 9 21 23 11 11 10 11 2 6 1.45 0.82 1.91 2.09 
Grindavik 19 19 32 29 11 11 11 11 1 3 1.73 1.73 2.91 2.64 
Thor Akureyri 21 30 14 17 11 11 11 10 5 1 1.91 2.73 1.27 1.55 
HK Kopavogur 25 17 15 14 11 10 10 9 3 2 2.27 1.7 1.36 1.4 
Fjolnir 9 23 29 24 11 11 11 10 3 2 0.82 2.09 2.64 2.18 
Keflavik 30 23 16 23 11 11 9 11 3 2 2.73 2.09 1.45 2.09 
Njardvik 27 23 11 14 11 11 11 10 3 3 2.45 2.09 1.0 1.27 
Fylkir 16 18 17 15 11 11 10 10 3 5 1.45 1.64 1.55 1.36 
Throttur R. 23 20 21 16 11 11 11 10 1 3 2.09 1.82 1.91 1.45 
Leiknir R. 12 12 18 22 11 11 8 9 8 4 1.09 1.09 1.64 2.0 
IR Reykjavik 23 15 14 13 11 11 8 9 4 6 2.09 1.36 1.27 1.18 
Volsungur 18 18 23 29 11 11 10 11 3 2 1.64 1.64 2.09 2.64 
HK Kopavog 0 4 0 0 0 1 0 1 0 0 1.64 4.0 2.09 0.0 
---------------------------------------------------------
KFG 22 16 20 32 11 11 10 10 3 1 2.0 1.45 1.82 2.91 
Aeggir 32 28 16 19 11 11 11 10 2 2 2.91 2.55 1.45 1.73 
KFA 36 17 21 24 11 11 11 11 2 3 3.27 1.55 1.91 2.18 
Kormakur/Hvot 18 13 14 21 11 10 9 8 6 3 1.64 1.3 1.27 2.1 
Kari 18 14 29 26 11 11 11 9 0 3 1.64 1.27 2.64 2.36 
Throttur Vogar 15 17 9 15 11 11 8 10 5 5 1.36 1.55 0.82 1.36 
Vidir 17 16 19 22 11 11 10 11 5 4 1.55 1.45 1.73 2.0 
V. Olafsvik 24 18 22 18 11 11 10 11 2 5 2.18 1.64 2.0 1.64 
Grotta 22 25 14 11 11 11 11 9 5 5 2.0 2.27 1.27 1.0 
Hottur/Huginn 12 15 22 31 11 11 9 12 4 1 1.09 1.36 2.0 2.82 
Dalvik/Reynir 19 19 13 13 11 11 9 8 6 5 1.73 1.73 1.18 1.18 
Haukar 17 19 22 18 11 11 10 11 2 5 1.55 1.73 2.0 1.64 
Kormakur/Hv 0 4 0 2 0 1 0 1 0 0 1.55 4.0 2.0 2.0 
---------------------------------------------------------
Dainava 12 25 38 35 18 18 15 17 8 7 0.67 1.39 2.11 1.94 
Kauno Zalgiris 41 27 14 17 18 18 15 12 4 9 2.28 1.5 0.78 0.94 
Banga 20 16 18 23 18 17 11 11 13 10 1.11 0.94 1.0 1.35 
Hegelmann L. 34 28 18 29 18 18 14 17 7 5 1.89 1.56 1.0 1.61 
Riteriai 21 23 34 31 18 18 14 16 9 5 1.17 1.28 1.89 1.72 
Suduva 27 24 16 22 18 18 10 13 9 9 1.5 1.33 0.89 1.22 
Panevezys 25 19 18 32 18 18 12 16 11 9 1.39 1.06 1.0 1.78 
Siauliai 35 18 27 20 17 18 16 11 2 12 2.06 1.0 1.59 1.11 
Zalgiris 25 17 13 26 18 16 12 11 11 8 1.39 1.06 0.72 1.62 
Dziugas Telsiai 16 18 23 19 17 17 12 9 11 11 0.94 1.06 1.35 1.12 
SuduvaSun 13 JulDziugas Telsiai 0 0 Banga 0 3 0 0 0 1 0 1 0 0 0.94 3.0 1.35 0.0 
SuduvaSun 10 AugKauno Zalgiris pp. SuduvaMon 11 AugSiauliai 2 2 Zalgiris 0 1 0 2 0 1 0 1 0 0 0.94 1.0 1.35 2.0 
---------------------------------------------------------
Cheonan City 25 16 34 34 19 19 13 13 9 8 1.32 0.84 1.79 1.79 
Jeonnam 36 26 29 21 20 18 16 14 7 9 1.8 1.44 1.45 1.17 
Incheon Utd 32 34 11 18 18 20 15 14 10 10 1.78 1.7 0.61 0.9 
Gyeongnam 19 13 27 31 19 19 13 13 10 10 1.0 0.68 1.42 1.63 
Ansan Greeners 12 13 26 28 19 19 9 12 14 13 0.63 0.68 1.37 1.47 
Suwon Bluewings 39 36 20 29 19 19 17 16 7 8 2.05 1.89 1.05 1.53 
Busan IPark 26 20 29 15 20 18 15 10 10 13 1.3 1.11 1.45 0.83 
Gimpo 28 19 20 16 20 18 13 13 11 13 1.4 1.06 1.0 0.89 
Seongnam 22 22 15 16 18 20 12 9 10 14 1.22 1.1 0.83 0.8 
Hwaseong 15 21 18 32 19 19 9 13 15 11 0.79 1.11 0.95 1.68 
Bucheon FC 32 27 21 28 18 20 14 13 9 7 1.78 1.35 1.17 1.4 
Cheongju 11 18 33 29 20 18 13 13 12 8 0.55 1.0 1.65 1.61 
Seoul E-Land 26 32 19 24 18 20 13 16 10 10 1.44 1.6 1.06 1.2 
Asan 24 25 20 26 19 19 13 16 11 11 1.26 1.32 1.05 1.37 
---------------------------------------------------------
Johor Darul 32 16 3 0 5 4 4 4 0 1 6.4 4.0 0.6 0.0 
Selangor 8 6 2 8 3 5 2 4 1 1 2.67 1.2 0.67 1.6 
Imigresen 4 2 12 5 5 3 5 2 1 2 0.8 0.67 2.4 1.67 
Kuala Lumpur 7 9 3 1 4 4 2 4 2 1 1.75 2.25 0.75 0.25 
Kuching 10 8 2 2 5 3 3 2 3 1 2.0 2.67 0.4 0.67 
Kelantan DN 3 6 2 14 2 7 2 5 1 2 1.5 0.86 1.0 2.0 
PDRM 5 3 15 7 5 3 4 3 1 1 1.0 1.0 3.0 2.33 
DPMM FC 3 3 13 15 4 4 4 3 0 1 0.75 0.75 3.25 3.75 
Pulau Pinang 3 2 8 8 5 3 4 2 2 2 0.6 0.67 1.6 2.67 
Terengganu 10 10 8 6 4 4 4 3 0 1 2.5 2.5 2.0 1.5 
Negeri Sembilan 9 7 3 10 4 4 4 4 1 1 2.25 1.75 0.75 2.5 
Melaka 1 2 2 7 2 4 1 3 2 2 0.5 0.5 1.0 1.75 
Sabah 2 3 4 14 4 4 2 4 3 1 0.5 0.75 1.0 3.5 
---------------------------------------------------------
Lexington 20 11 16 26 15 15 13 10 8 7 1.33 0.73 1.07 1.73 
Hartford A. 21 27 14 22 15 15 11 11 8 7 1.4 1.8 0.93 1.47 
Miami FC 16 12 22 22 15 14 9 11 7 8 1.07 0.86 1.47 1.57 
Detroit City 18 15 12 23 15 15 9 13 11 10 1.2 1.0 0.8 1.53 
North Carolina 24 16 19 20 15 15 11 10 7 8 1.6 1.07 1.27 1.33 
Pittsburgh 18 14 12 16 15 15 11 10 11 9 1.2 0.93 0.8 1.07 
Charleston 40 22 14 18 15 15 13 12 3 6 2.67 1.47 0.93 1.2 
Louisville City 30 26 8 11 15 15 11 11 9 9 2.0 1.73 0.53 0.73 
Birmingham L. 13 23 23 27 15 15 9 12 10 6 0.87 1.53 1.53 1.8 
Loudoun Utd 26 19 23 25 15 15 12 12 7 4 1.73 1.27 1.53 1.67 
San Antonio 23 16 17 21 15 15 10 9 7 9 1.53 1.07 1.13 1.4 
Monterey Bay 19 8 23 22 15 15 13 9 6 9 1.27 0.53 1.53 1.47 
El Paso 31 16 23 22 15 15 14 10 3 7 2.07 1.07 1.53 1.47 
Colorado S. 15 20 14 33 15 15 9 13 11 3 1.0 1.33 0.93 2.2 
Phoenix Rising 27 21 23 25 15 15 10 13 6 7 1.8 1.4 1.53 1.67 
FC Tulsa 29 21 14 16 15 15 11 12 8 10 1.93 1.4 0.93 1.07 
Orange County 30 14 21 24 15 15 12 10 3 8 2.0 0.93 1.4 1.6 
Oakland Roots 13 29 19 33 15 15 11 13 8 3 0.87 1.93 1.27 2.2 
Sacramento R. 23 21 13 14 15 15 9 10 8 10 1.53 1.4 0.87 0.93 
New Mexico 26 19 20 21 15 15 11 10 6 6 1.73 1.27 1.33 1.4 
Las Vegas L. 14 9 17 33 15 15 8 9 10 7 0.93 0.6 1.13 2.2 
Tampa Bay 26 17 26 24 15 15 15 11 3 6 1.73 1.13 1.73 1.6 
Indy Eleven 27 17 26 26 15 15 12 12 3 7 1.8 1.13 1.73 1.73 
Rhode Island 15 14 9 20 15 15 6 11 12 8 1.0 0.93 0.6 1.33 
Miami  0 1 0 0 0 1 0 0 0 1 1.0 1.0 0.6 0.0 
---------------------------------------------------------
Tormenta 29 26 22 25 15 15 13 15 3 4 1.93 1.73 1.47 1.67 
Richmond K. 28 15 30 23 15 15 12 9 4 10 1.87 1.0 2.0 1.53 
Greenville 20 18 20 23 15 15 10 9 7 8 1.33 1.2 1.33 1.53 
Westchester SC 22 21 30 29 15 15 14 14 5 4 1.47 1.4 2.0 1.93 
Naples 26 14 13 19 15 15 11 11 6 8 1.73 0.93 0.87 1.27 
Chattanooga RW 20 22 10 20 15 15 9 13 8 6 1.33 1.47 0.67 1.33 
Union Omaha 35 16 19 20 15 15 12 11 3 5 2.33 1.07 1.27 1.33 
Charlotte I. 23 22 21 29 15 15 9 12 8 7 1.53 1.47 1.4 1.93 
Forward Madison 16 15 11 32 15 15 8 14 10 6 1.07 1.0 0.73 2.13 
Alta 23 19 18 29 15 15 13 13 7 7 1.53 1.27 1.2 1.93 
Spokane V. 22 17 14 19 15 14 11 7 8 7 1.47 1.21 0.93 1.36 
One Knoxville 24 19 7 19 15 15 10 10 10 7 1.6 1.27 0.47 1.27 
Texoma 22 13 26 29 15 15 11 12 7 6 1.47 0.87 1.73 1.93 
Portland Hearts 28 20 18 20 15 15 12 10 7 8 1.87 1.33 1.2 1.33 
Spokane  0 2 0 2 0 1 0 1 0 0 1.87 2.0 1.2 2.0 
---------------------------------------------------------
